pair_id,label,probability,prediction
0,0,0.72903776,1
1,0,0.60369825,0
2,0,0.6090592,0
3,0,0.5133483,0
4,0,0.5093983,0
5,0,0.5015602,0
6,0,0.6954414,1
7,0,0.5084144,0
8,0,0.5002234,0
9,0,0.5000422,0
10,0,0.51936895,0
11,0,0.717408,1
12,0,0.6109178,0
13,0,0.5007138,0
14,0,0.71711093,1
15,0,0.72710437,1
16,0,0.54507387,0
17,0,0.684053,1
18,0,0.50012195,0
19,0,0.5033702,0
20,0,0.73077047,1
21,0,0.7287483,1
22,0,0.5057218,0
23,0,0.50027585,0
24,0,0.72066325,1
25,0,0.72691053,1
26,0,0.5000875,0
27,0,0.51728135,0
28,0,0.5000137,0
29,0,0.50887203,0
30,0,0.5287159,0
31,0,0.50016034,0
32,0,0.6374823,1
33,1,0.73028994,1
34,0,0.7301937,1
35,1,0.7305783,1
36,0,0.50000966,0
37,0,0.5003886,0
38,0,0.50865084,0
39,0,0.5895392,0
40,0,0.5000297,0
41,0,0.5002003,0
42,0,0.5783291,0
43,0,0.6345433,1
44,0,0.61820436,0
45,0,0.61225176,0
46,0,0.50414646,0
47,0,0.5014725,0
48,0,0.50123596,0
49,0,0.72894126,1
50,0,0.7301937,1
51,0,0.72990495,1
52,0,0.5015421,0
53,1,0.6081287,0
54,0,0.73077047,1
55,0,0.5084449,0
56,0,0.57385755,0
57,1,0.6920179,1
58,0,0.5000193,0
59,0,0.5043105,0
60,0,0.59819484,0
61,1,0.7300013,1
62,0,0.6712551,1
63,0,0.64846635,1
64,0,0.5818972,0
65,0,0.50376886,0
66,0,0.50025797,0
67,0,0.729327,1
68,0,0.5109388,0
69,0,0.5425906,0
70,0,0.61219376,0
71,1,0.7188905,1
72,0,0.5000292,0
73,0,0.5022125,0
74,0,0.72749174,1
75,0,0.715424,1
76,0,0.59678566,0
77,0,0.52480567,0
78,0,0.50030637,0
79,0,0.7100255,1
80,0,0.50011593,0
81,1,0.7201715,1
82,0,0.6735139,1
83,0,0.7304822,1
84,0,0.5352199,0
85,1,0.5636182,0
86,0,0.5032062,0
87,0,0.50391763,0
88,1,0.73028994,1
89,0,0.7050748,1
90,0,0.5016861,0
91,0,0.601535,0
92,0,0.50181484,0
93,0,0.55983156,0
94,0,0.5081017,0
95,0,0.7279754,1
96,0,0.50149536,0
97,0,0.51083964,0
98,0,0.54413533,0
99,0,0.7102265,1
100,0,0.71651626,1
101,0,0.7256486,1
102,0,0.7277821,1
103,0,0.50009537,0
104,0,0.5004835,0
105,0,0.71967924,1
106,1,0.7305783,1
107,0,0.50009465,0
108,0,0.5010214,0
109,0,0.7287483,1
110,0,0.6490227,1
111,1,0.7129322,1
112,0,0.5022373,0
113,1,0.72700745,1
114,1,0.73077047,1
115,1,0.7296161,1
116,0,0.72990495,1
117,0,0.7111301,1
118,0,0.5004854,0
119,0,0.6607199,1
120,0,0.5002377,0
121,0,0.70679796,1
122,0,0.67265433,1
123,0,0.50092316,0
124,0,0.5000233,0
125,0,0.5014105,0
126,0,0.69884354,1
127,0,0.5000855,0
128,0,0.5063778,0
129,0,0.65367985,1
130,0,0.5023079,0
131,0,0.54685915,0
132,1,0.7265227,1
133,0,0.7243831,1
134,0,0.5076555,0
135,0,0.7272012,1
136,0,0.72845864,1
137,0,0.6063819,0
138,0,0.50122166,0
139,0,0.5094517,0
140,0,0.5029792,0
141,0,0.5002098,0
142,0,0.61068565,0
143,0,0.50076866,0
144,0,0.50007695,0
145,1,0.70365125,1
146,0,0.5008278,0
147,0,0.5287159,0
148,0,0.72865176,1
149,0,0.5057675,0
150,0,0.50764024,0
151,0,0.7190878,1
152,0,0.67672676,1
153,0,0.5529924,0
154,0,0.5000928,0
155,0,0.50799495,0
156,0,0.50674015,0
157,0,0.50122166,0
158,0,0.52768165,0
159,0,0.659734,1
160,1,0.73077047,1
161,0,0.5391045,0
162,1,0.5042304,0
163,0,0.6837363,1
164,0,0.5003934,0
165,0,0.51327205,0
166,0,0.500136,0
167,0,0.51125145,0
168,0,0.5881205,0
169,0,0.5000563,0
170,0,0.5048445,0
171,0,0.50031495,0
172,0,0.6090011,0
173,0,0.500895,0
174,0,0.5310422,0
175,0,0.54337823,0
176,0,0.5202526,0
177,0,0.5005393,0
178,0,0.5006428,0
179,0,0.5008216,0
180,0,0.5003624,0
181,0,0.5000973,0
182,0,0.50006086,0
183,1,0.72661966,1
184,1,0.5951397,0
185,0,0.679923,1
186,0,0.7300013,1
187,0,0.7187918,1
188,0,0.5005107,0
189,0,0.5000058,0
190,0,0.5061985,0
191,0,0.5961981,0
192,0,0.50120735,0
193,0,0.7305783,1
194,0,0.53098136,0
195,0,0.5596511,0
196,0,0.6858443,1
197,0,0.72990495,1
198,0,0.6681228,1
199,0,0.6387226,1
200,0,0.67319167,1
201,0,0.6920179,1
202,0,0.50261307,0
203,0,0.58326274,0
204,0,0.5006895,0
205,0,0.7187918,1
206,0,0.50299066,0
207,0,0.5292634,0
208,0,0.7192851,1
209,0,0.6886778,1
210,0,0.5003581,0
211,0,0.7300975,1
212,0,0.695855,1
213,0,0.50219536,0
214,0,0.50007755,0
215,0,0.5225829,0
216,0,0.5005765,0
217,0,0.5470104,0
218,1,0.7303861,1
219,0,0.72710437,1
220,0,0.5208924,0
221,0,0.7272981,1
222,0,0.72845864,1
223,0,0.5003445,0
224,0,0.7040584,1
225,0,0.5115946,0
226,1,0.7291342,1
227,0,0.7076068,1
228,0,0.7301937,1
229,0,0.5610945,0
230,0,0.5063435,0
231,0,0.50000304,0
232,0,0.6738359,1
233,0,0.50004816,0
234,0,0.5061642,0
235,0,0.72545415,1
236,0,0.50008065,0
237,0,0.50000226,0
238,1,0.6784335,1
239,0,0.52660143,0
240,1,0.72242916,1
241,0,0.50122166,0
242,1,0.7177049,1
243,0,0.63973606,1
244,0,0.50030875,0
245,0,0.5186833,0
246,0,0.59278446,0
247,0,0.7305783,1
248,0,0.5000028,0
249,0,0.6802417,1
250,0,0.7281688,1
251,0,0.692538,1
252,0,0.5176928,0
253,0,0.5016222,0
254,0,0.6972998,1
255,0,0.5263732,0
256,1,0.7287483,1
257,0,0.5021362,0
258,0,0.500895,0
259,0,0.572185,0
260,0,0.6759785,1
261,0,0.72545415,1
262,0,0.65401137,1
263,0,0.6927459,1
264,0,0.6171089,0
265,0,0.50042176,0
266,0,0.7243831,1
267,0,0.71042746,1
268,0,0.55157375,0
269,0,0.5000648,0
270,0,0.5402569,0
271,0,0.5001164,0
272,0,0.50000197,0
273,0,0.5074381,0
274,0,0.5000085,0
275,0,0.50127506,0
276,0,0.5004761,0
277,0,0.5004525,0
278,0,0.50089836,0
279,0,0.7220373,1
280,0,0.6646491,1
281,0,0.5007963,0
282,0,0.50013876,0
283,0,0.50107,0
284,1,0.72865176,1
285,0,0.57469314,0
286,0,0.5853975,0
287,0,0.72066325,1
288,0,0.5000099,0
289,0,0.6438893,1
290,0,0.50314325,0
291,0,0.5002434,0
292,0,0.50070286,0
293,0,0.73028994,1
294,0,0.50026727,0
295,0,0.6548947,1
296,0,0.5000097,0
297,0,0.50075674,0
298,0,0.5000412,0
299,0,0.50000167,0
300,0,0.70426184,1
301,0,0.5000695,0
302,0,0.50368303,0
303,0,0.5012598,0
304,0,0.7233095,1
305,0,0.5058324,0
306,0,0.72076154,1
307,0,0.72990495,1
308,0,0.7013041,1
309,1,0.7296161,1
310,0,0.5235269,0
311,0,0.72632855,1
312,0,0.7242856,1
313,0,0.5097644,0
314,0,0.5000717,0
315,0,0.50029135,0
316,0,0.50008255,0
317,0,0.5019169,0
318,0,0.7134316,1
319,0,0.5002482,0
320,0,0.7300013,1
321,0,0.5481898,0
322,0,0.5084602,0
323,0,0.7204666,1
324,0,0.5210295,0
325,0,0.7295198,1
326,0,0.72710437,1
327,0,0.72574586,1
328,0,0.50027156,0
329,0,0.5185767,0
330,1,0.7287483,1
331,0,0.6866853,1
332,0,0.5000254,0
333,1,0.72710437,1
334,0,0.722527,1
335,0,0.6206791,0
336,0,0.5006232,0
337,0,0.52623624,0
338,0,0.50030756,0
339,1,0.72865176,1
340,0,0.50013494,0
341,0,0.7300013,1
342,0,0.50091267,0
343,0,0.50319284,0
344,0,0.7288448,1
345,0,0.72026986,1
346,0,0.50929916,0
347,1,0.72671664,1
348,0,0.5521473,0
349,0,0.6632328,1
350,0,0.5031318,0
351,0,0.6356749,1
352,0,0.68951476,1
353,0,0.5000384,0
354,0,0.5000695,0
355,0,0.50416553,0
356,0,0.5018873,0
357,0,0.5108778,0
358,0,0.58516043,0
359,0,0.7294234,1
360,0,0.65168744,1
361,0,0.50038266,0
362,0,0.70304,1
363,0,0.5001366,0
364,0,0.7234072,1
365,0,0.5053632,0
366,0,0.5002959,0
367,0,0.57439476,0
368,0,0.62509483,1
369,0,0.7300013,1
370,1,0.73028994,1
371,0,0.7216451,1
372,0,0.5036964,0
373,0,0.5001102,0
374,0,0.500121,0
375,0,0.5038566,0
376,0,0.7279754,1
377,0,0.5000521,0
378,1,0.72903776,1
379,0,0.50000095,0
380,0,0.53518957,0
381,0,0.5006037,0
382,0,0.6329566,1
383,0,0.5061757,0
384,0,0.72242916,1
385,0,0.50034976,0
386,0,0.57164705,0
387,0,0.5355843,0
388,0,0.52171487,0
389,1,0.6932653,1
390,1,0.50985587,0
391,0,0.5000875,0
392,0,0.50013924,0
393,0,0.6261242,1
394,0,0.50036955,0
395,0,0.7218412,1
396,0,0.7028361,1
397,0,0.5099093,0
398,0,0.53773934,0
399,0,0.7306744,1
400,1,0.7281688,1
401,0,0.5237705,0
402,0,0.71849567,1
403,0,0.50019634,0
404,0,0.50185776,0
405,0,0.500505,0
406,0,0.7300975,1
407,0,0.502161,0
408,0,0.5025425,0
409,0,0.50648844,0
410,0,0.50000477,0
411,0,0.5137447,0
412,0,0.50064516,0
413,0,0.5001409,0
414,0,0.5051802,0
415,0,0.6118459,0
416,0,0.50017464,0
417,0,0.7308665,1
418,1,0.66115755,1
419,1,0.7282654,1
420,0,0.5009017,0
421,0,0.6977119,1
422,0,0.50811696,0
423,0,0.72739494,1
424,0,0.5010576,0
425,0,0.684053,1
426,0,0.5012655,0
427,0,0.5010824,0
428,0,0.5164583,0
429,0,0.5002811,0
430,0,0.72389543,1
431,0,0.5002066,0
432,0,0.5001248,0
433,1,0.6893056,1
434,0,0.7180016,1
435,0,0.6790723,1
436,0,0.50039625,0
437,0,0.7194822,1
438,1,0.7300013,1
439,0,0.6274948,1
440,0,0.50066566,0
441,1,0.7304822,1
442,0,0.50100136,0
443,1,0.5839746,0
444,1,0.5148501,0
445,0,0.7232117,1
446,0,0.6500231,1
447,0,0.6684475,1
448,0,0.5002165,0
449,0,0.59596294,0
450,0,0.5001027,0
451,0,0.50019336,0
452,0,0.71760595,1
453,0,0.5998368,0
454,0,0.50018454,0
455,0,0.5000334,0
456,0,0.7298087,1
457,0,0.7221353,1
458,0,0.72903776,1
459,0,0.7280721,1
460,0,0.70354944,1
461,0,0.50066805,0
462,0,0.6993571,1
463,0,0.50487506,0
464,0,0.5000339,0
465,0,0.5001168,0
466,0,0.51141924,0
467,0,0.5000279,0
468,0,0.50684315,0
469,0,0.5383462,0
470,0,0.5003004,0
471,0,0.5000099,0
472,1,0.7233095,1
473,0,0.50237083,0
474,0,0.72749174,1
475,0,0.5519662,0
476,0,0.7285552,1
477,0,0.5257797,0
478,0,0.52051157,0
479,0,0.5002482,0
480,0,0.685318,1
481,0,0.7282654,1
482,0,0.7232117,1
483,0,0.5001102,0
484,0,0.7227227,1
485,0,0.6954414,1
486,0,0.6797104,1
487,0,0.7305783,1
488,0,0.50067616,0
489,1,0.72535694,1
490,1,0.68331385,1
491,1,0.7292306,1
492,0,0.50197595,0
493,0,0.5004988,0
494,0,0.50555015,0
495,0,0.5002425,0
496,0,0.7291342,1
497,0,0.50007004,0
498,0,0.6322757,1
499,0,0.6710396,1
500,0,0.70385486,1
501,0,0.50002277,0
502,0,0.50005126,0
503,0,0.6782204,1
504,0,0.55374664,0
505,0,0.6025879,0
506,0,0.5009599,0
507,0,0.50005585,0
508,1,0.7298087,1
509,0,0.5020466,0
510,0,0.7303861,1
511,0,0.6513549,1
512,0,0.500014,0
513,0,0.5025425,0
514,0,0.5121207,0
515,0,0.50058556,0
516,0,0.5000114,0
517,0,0.50081205,0
518,0,0.5047072,0
519,0,0.6509112,1
520,0,0.5202526,0
521,1,0.690872,1
522,0,0.5644586,0
523,1,0.7303861,1
524,0,0.50035524,0
525,0,0.5007396,0
526,0,0.7071014,1
527,0,0.5004544,0
528,0,0.5424089,0
529,0,0.5500032,0
530,0,0.5625971,0
531,0,0.6645403,1
532,0,0.51369894,0
533,0,0.674801,1
534,0,0.7190878,1
535,0,0.50031495,0
536,0,0.50535184,0
537,0,0.5015602,0
538,0,0.71977776,1
539,0,0.5210295,0
540,0,0.5014,0
541,0,0.6712551,1
542,1,0.6845804,1
543,0,0.51673263,0
544,0,0.57427543,0
545,0,0.72496766,1
546,0,0.5033969,0
547,0,0.6873153,1
548,0,0.7198762,1
549,0,0.501461,0
550,0,0.7281688,1
551,0,0.5033569,0
552,0,0.50131035,0
553,0,0.692538,1
554,0,0.5895392,0
555,1,0.6781138,1
556,0,0.59455127,0
557,0,0.50442874,0
558,0,0.5140573,0
559,0,0.50712156,0
560,0,0.5018368,0
561,0,0.5036678,0
562,0,0.7303861,1
563,0,0.54713136,0
564,0,0.5111447,0
565,0,0.50023866,0
566,0,0.60474914,0
567,1,0.729327,1
568,0,0.5000935,0
569,1,0.7279754,1
570,0,0.50011545,0
571,1,0.71452844,1
572,0,0.6940954,1
573,0,0.50003934,0
574,0,0.6475754,1
575,0,0.51627535,0
576,0,0.7097238,1
577,0,0.5002341,0
578,0,0.72691053,1
579,0,0.7251623,1
580,1,0.677474,1
581,0,0.50127983,0
582,0,0.5000845,0
583,0,0.6706083,1
584,0,0.502264,0
585,0,0.6614857,1
586,0,0.5032062,0
587,0,0.7301937,1
588,0,0.68951476,1
589,1,0.729327,1
590,0,0.5000886,0
591,0,0.56247693,0
592,1,0.7201715,1
593,0,0.50005084,0
594,0,0.5000819,0
595,0,0.5034618,0
596,0,0.5052603,0
597,0,0.5006132,0
598,0,0.6688803,1
599,0,0.6794978,1
600,0,0.53236437,0
601,1,0.72865176,1
602,0,0.71432924,1
603,0,0.50077486,0
604,0,0.53212124,0
605,0,0.5225829,0
606,0,0.7191864,1
607,0,0.50003207,0
608,0,0.7243831,1
609,1,0.72594017,1
610,0,0.6715783,1
611,0,0.50013494,0
612,0,0.5004072,0
613,0,0.500844,0
614,0,0.6434414,1
615,0,0.6410854,1
616,0,0.50027156,0
617,0,0.72845864,1
618,0,0.5001371,0
619,0,0.5006552,0
620,0,0.65698844,1
621,1,0.73077047,1
622,0,0.636805,1
623,0,0.50011456,0
624,0,0.50056314,0
625,0,0.5000478,0
626,0,0.72739494,1
627,0,0.51491106,0
628,0,0.6531269,1
629,0,0.53871024,0
630,0,0.50078106,0
631,0,0.50030756,0
632,0,0.5458305,0
633,0,0.7077078,1
634,1,0.6463486,1
635,0,0.50083447,0
636,0,0.6581979,1
637,1,0.70801073,1
638,0,0.50791866,0
639,0,0.50005084,0
640,0,0.7305783,1
641,0,0.50031734,0
642,0,0.50427616,0
643,0,0.50175285,0
644,0,0.5095966,0
645,0,0.50146675,0
646,0,0.5350377,0
647,0,0.5078729,0
648,0,0.519826,0
649,0,0.7156228,1
650,0,0.5007167,0
651,0,0.66115755,1
652,1,0.70821255,1
653,1,0.68815416,1
654,1,0.72894126,1
655,0,0.72758853,1
656,1,0.7210562,1
657,0,0.50029707,0
658,0,0.7294234,1
659,0,0.500015,0
660,0,0.51563513,0
661,1,0.7306744,1
662,0,0.6855286,1
663,0,0.72233117,1
664,1,0.62429357,1
665,0,0.57481253,0
666,0,0.5010872,0
667,0,0.5000378,0
668,0,0.72095805,1
669,0,0.69987017,1
670,0,0.5203745,0
671,0,0.5023632,0
672,1,0.7291342,1
673,0,0.54822004,0
674,0,0.5000201,0
675,0,0.52596235,0
676,0,0.714628,1
677,0,0.62165576,0
678,0,0.70740473,1
679,0,0.63849723,1
680,1,0.5152083,0
681,0,0.6814089,1
682,0,0.50000757,0
683,0,0.50105,0
684,0,0.5000187,0
685,0,0.50166035,0
686,0,0.642881,1
687,0,0.5991334,0
688,0,0.5000087,0
689,0,0.50097847,0
690,0,0.6992544,1
691,0,0.6949242,1
692,0,0.5010252,0
693,0,0.7303861,1
694,0,0.5001047,0
695,0,0.685318,1
696,0,0.501029,0
697,0,0.67800725,1
698,0,0.5517247,0
699,0,0.5000036,0
700,0,0.52390754,0
701,0,0.7295198,1
702,0,0.50019634,0
703,0,0.5034217,0
704,1,0.6750153,1
705,0,0.5108168,0
706,0,0.50525266,0
707,0,0.7306744,1
708,0,0.5013466,0
709,0,0.70456684,1
710,0,0.52125794,0
711,0,0.71977776,1
712,0,0.5005312,0
713,0,0.7306744,1
714,0,0.50099754,0
715,0,0.72242916,1
716,0,0.5022297,0
717,0,0.68773484,1
718,0,0.71133065,1
719,0,0.6576484,1
720,0,0.50003964,0
721,1,0.68710536,1
722,0,0.68394744,1
723,0,0.51209784,0
724,0,0.500121,0
725,0,0.5262819,0
726,0,0.6008912,0
727,0,0.73028994,1
728,0,0.6163587,0
729,0,0.502161,0
730,0,0.5000318,0
731,0,0.6646491,1
732,0,0.51636684,0
733,1,0.7272981,1
734,0,0.7058864,1
735,0,0.5004318,0
736,0,0.5002811,0
737,0,0.50000954,0
738,0,0.67608553,1
739,0,0.7119319,1
740,0,0.5278337,0
741,0,0.52961314,0
742,0,0.72700745,1
743,1,0.72661966,1
744,0,0.5015974,0
745,0,0.71977776,1
746,0,0.50437915,0
747,0,0.5440748,0
748,0,0.6003641,0
749,0,0.50005853,0
750,0,0.50003016,0
751,0,0.5004089,0
752,0,0.5010214,0
753,0,0.7264256,1
754,0,0.5046271,0
755,0,0.7272981,1
756,0,0.68236214,1
757,0,0.5000422,0
758,0,0.7295198,1
759,1,0.7296161,1
760,0,0.504444,0
761,0,0.5153227,0
762,0,0.72545415,1
763,0,0.71442884,1
764,0,0.7166154,1
765,0,0.60917544,0
766,0,0.51308143,0
767,0,0.655336,1
768,1,0.6184348,0
769,0,0.72700745,1
770,0,0.500257,0
771,0,0.5003724,0
772,0,0.50004745,0
773,1,0.7281688,1
774,0,0.56997234,0
775,1,0.7300975,1
776,0,0.5001187,0
777,0,0.50110435,0
778,1,0.7297124,1
779,0,0.715424,1
780,0,0.5224306,0
781,0,0.5015545,0
782,0,0.5167936,0
783,0,0.57773364,0
784,0,0.5001334,0
785,1,0.7298087,1
786,0,0.7291342,1
787,0,0.5036678,0
788,0,0.70952255,1
789,0,0.50056744,0
790,0,0.67672676,1
791,0,0.5029678,0
792,1,0.52364874,0
793,0,0.50014997,0
794,0,0.72496766,1
795,0,0.7300013,1
796,0,0.50166035,0
797,0,0.50007343,0
798,0,0.501029,0
799,0,0.5195518,0
800,0,0.52623624,0
801,0,0.5643986,0
802,0,0.69678426,1
803,0,0.50004154,0
804,0,0.5000299,0
805,0,0.6022955,0
806,0,0.5627172,0
807,0,0.7255514,1
808,0,0.72496766,1
809,0,0.6401861,1
810,0,0.72691053,1
811,0,0.5095813,0
812,0,0.7198762,1
813,0,0.5013943,0
814,0,0.5015068,0
815,0,0.5020542,0
816,0,0.5159248,0
817,0,0.51083964,0
818,0,0.5000164,0
819,0,0.6940954,1
820,0,0.5014,0
821,0,0.51096165,0
822,0,0.5000304,0
823,0,0.7119319,1
824,0,0.50049496,0
825,0,0.6729768,1
826,0,0.50042033,0
827,0,0.5002651,0
828,0,0.5025139,0
829,0,0.50628245,0
830,0,0.5049589,0
831,0,0.5432268,0
832,0,0.50067854,0
833,0,0.5034885,0
834,1,0.70150864,1
835,0,0.7070003,1
836,0,0.5002074,0
837,0,0.68626493,1
838,0,0.5101915,0
839,0,0.5883571,0
840,0,0.53883153,0
841,0,0.50111294,0
842,0,0.6298884,1
843,0,0.5020466,0
844,0,0.50074244,0
845,0,0.5000638,0
846,0,0.52381617,0
847,0,0.50001436,0
848,0,0.50384134,0
849,0,0.50237083,0
850,0,0.7287483,1
851,0,0.72845864,1
852,0,0.502161,0
853,0,0.5000939,0
854,0,0.5000643,0
855,1,0.7300975,1
856,0,0.54371136,0
857,0,0.5082695,0
858,0,0.63522243,1
859,0,0.53421766,0
860,0,0.51044315,0
861,0,0.5000082,0
862,0,0.5242881,0
863,0,0.5374359,0
864,1,0.72535694,1
865,1,0.5235726,0
866,0,0.5000147,0
867,0,0.6599533,1
868,0,0.5008812,0
869,0,0.5004561,0
870,0,0.5001278,0
871,1,0.7102265,1
872,1,0.73077047,1
873,0,0.7298087,1
874,0,0.6619229,1
875,0,0.5000155,0
876,0,0.5000648,0
877,0,0.72056496,1
878,0,0.7261344,1
879,0,0.5083458,0
880,0,0.5005126,0
881,0,0.50016534,0
882,0,0.50182915,0
883,0,0.55929005,0
884,0,0.5002314,0
885,0,0.50026417,0
886,0,0.7009972,1
887,0,0.6898282,1
888,1,0.6962682,1
889,0,0.57290196,0
890,0,0.5004089,0
891,0,0.6257812,1
892,0,0.7301937,1
893,0,0.66006285,1
894,0,0.69802076,1
895,0,0.7126323,1
896,1,0.723993,1
897,0,0.50968814,0
898,0,0.50007284,0
899,0,0.71032697,1
900,0,0.5007453,0
901,0,0.50045776,0
902,0,0.7248703,1
903,0,0.63793355,1
904,0,0.500751,0
905,0,0.7133318,1
906,0,0.50137234,0
907,0,0.52246106,0
908,0,0.5680564,0
909,0,0.5196127,0
910,0,0.7098244,1
911,1,0.7292306,1
912,0,0.7050748,1
913,0,0.50557303,0
914,0,0.5011263,0
915,1,0.7306744,1
916,0,0.5050848,0
917,0,0.53767866,0
918,0,0.6659539,1
919,0,0.5213036,0
920,0,0.5981361,0
921,0,0.5005436,0
922,0,0.5001788,0
923,0,0.7303861,1
924,0,0.6855286,1
925,0,0.50587815,0
926,1,0.7300975,1
927,0,0.59649193,0
928,0,0.6751224,1
929,1,0.63307005,1
930,0,0.5965507,0
931,0,0.5004761,0
932,0,0.50007874,0
933,0,0.5001615,0
934,1,0.725065,1
935,1,0.7272012,1
936,0,0.5003917,0
937,0,0.6771539,1
938,0,0.5872331,0
939,0,0.5022907,0
940,0,0.7300975,1
941,1,0.7248703,1
942,0,0.5018225,0
943,1,0.7306744,1
944,0,0.53825516,0
945,1,0.5113125,0
946,0,0.5279707,0
947,0,0.5001972,0
948,0,0.5005808,0
949,0,0.52348125,0
950,0,0.5081017,0
951,0,0.722527,1
952,0,0.7277821,1
953,0,0.5025234,0
954,1,0.7300013,1
955,0,0.5461028,0
956,0,0.5024357,0
957,0,0.5631978,0
958,0,0.61230963,0
959,0,0.57021165,0
960,0,0.7106283,1
961,0,0.5000604,0
962,0,0.5154903,0
963,0,0.72594017,1
964,0,0.5171899,0
965,0,0.5259167,0
966,0,0.72749174,1
967,0,0.50003606,0
968,0,0.6583077,1
969,0,0.6788595,1
970,0,0.5245926,0
971,0,0.50276756,0
972,0,0.52759033,0
973,0,0.55889887,0
974,0,0.52307016,0
975,0,0.5004027,0
976,0,0.500027,0
977,0,0.50153065,0
978,0,0.70851517,1
979,0,0.5509094,0
980,0,0.5012655,0
981,0,0.6872103,1
982,0,0.50358385,0
983,0,0.6278371,1
984,0,0.50004524,0
985,0,0.55772483,0
986,0,0.72233117,1
987,0,0.71452844,1
988,0,0.5040054,0
989,0,0.73077047,1
990,0,0.51627535,0
991,1,0.71243227,1
992,1,0.73028994,1
993,0,0.5008311,0
994,1,0.56985265,0
995,0,0.5007839,0
996,0,0.50148964,0
997,0,0.5000339,0
998,0,0.5000283,0
999,1,0.69097626,1
1000,1,0.7301937,1
1001,1,0.7281688,1
1002,0,0.50942117,0
1003,0,0.50321764,0
1004,0,0.6898282,1
1005,0,0.50117016,0
1006,0,0.52660143,0
1007,0,0.71393055,1
1008,0,0.50095224,0
1009,0,0.69440633,1
1010,0,0.5002034,0
1011,0,0.67362124,1
1012,0,0.5362218,0
1013,0,0.50018096,0
1014,0,0.5214864,0
1015,0,0.5049017,0
1016,0,0.72535694,1
1017,0,0.5455581,0
1018,0,0.5988402,0
1019,0,0.5785672,0
1020,0,0.50629395,0
1021,0,0.50060844,0
1022,0,0.50001144,0
1023,0,0.6855286,1
1024,0,0.72749174,1
1025,0,0.65654814,1
1026,0,0.5000266,0
1027,0,0.5000212,0
1028,0,0.50024533,0
1029,0,0.500793,0
1030,0,0.7280721,1
1031,0,0.50021815,0
1032,1,0.71730906,1
1033,0,0.5084449,0
1034,0,0.5973143,0
1035,0,0.5000848,0
1036,0,0.5008378,0
1037,0,0.52040493,0
1038,0,0.7208598,1
1039,0,0.5000384,0
1040,0,0.69575167,1
1041,0,0.5973143,0
1042,0,0.5110227,0
1043,0,0.50033116,0
1044,0,0.5002377,0
1045,0,0.73028994,1
1046,0,0.6668223,1
1047,0,0.62897736,1
1048,0,0.53458214,0
1049,0,0.5083687,0
1050,0,0.50169945,0
1051,0,0.6992544,1
1052,0,0.50018096,0
1053,0,0.7291342,1
1054,1,0.724578,1
1055,0,0.5006232,0
1056,0,0.7151257,1
1057,1,0.72865176,1
1058,0,0.5072322,0
1059,0,0.7201715,1
1060,0,0.5128146,0
1061,0,0.5000445,0
1062,0,0.7182981,1
1063,0,0.6654106,1
1064,0,0.717507,1
1065,0,0.50477964,0
1066,0,0.7241881,1
1067,0,0.7292306,1
1068,0,0.7255514,1
1069,0,0.63533556,1
1070,0,0.63973606,1
1071,0,0.6393984,1
1072,0,0.6221151,0
1073,0,0.5001253,0
1074,0,0.54004467,0
1075,0,0.5901298,0
1076,0,0.7025301,1
1077,0,0.7119319,1
1078,0,0.50002384,0
1079,0,0.6631238,1
1080,1,0.6920179,1
1081,0,0.50690794,0
1082,1,0.7292306,1
1083,0,0.70069003,1
1084,0,0.5002878,0
1085,0,0.50003135,0
1086,0,0.5004742,0
1087,0,0.7291342,1
1088,0,0.7272981,1
1089,0,0.7308665,1
1090,0,0.61797386,0
1091,0,0.502409,0
1092,0,0.5062482,0
1093,0,0.67939144,1
1094,0,0.5004761,0
1095,0,0.69966495,1
1096,0,0.50011456,0
1097,0,0.52118176,0
1098,0,0.502409,0
1099,0,0.5500938,0
1100,0,0.50000143,0
1101,0,0.5329417,0
1102,0,0.73028994,1
1103,0,0.7092205,1
1104,0,0.5000268,0
1105,0,0.7201715,1
1106,0,0.5177995,0
1107,0,0.62566686,1
1108,0,0.5795789,0
1109,0,0.7191864,1
1110,0,0.5005717,0
1111,0,0.7301937,1
1112,0,0.674265,1
1113,0,0.6586371,1
1114,0,0.5018654,0
1115,0,0.5010872,0
1116,0,0.5066029,0
1117,0,0.6907677,1
1118,0,0.5029106,0
1119,0,0.7306744,1
1120,0,0.50000775,0
1121,0,0.51586384,0
1122,0,0.500437,0
1123,0,0.50000256,0
1124,0,0.5019607,0
1125,0,0.52707314,0
1126,0,0.679923,1
1127,0,0.50034857,0
1128,0,0.7261344,1
1129,0,0.71452844,1
1130,0,0.7268136,1
1131,1,0.59425694,0
1132,0,0.5090856,0
1133,0,0.5024643,0
1134,0,0.5009198,0
1135,0,0.66714764,1
1136,0,0.5168546,0
1137,0,0.641647,1
1138,0,0.5026321,0
1139,0,0.5019913,0
1140,0,0.5150482,0
1141,0,0.51923186,0
1142,0,0.5043944,0
1143,0,0.725065,1
1144,0,0.5389832,0
1145,0,0.7235049,1
1146,0,0.50007004,0
1147,0,0.500134,0
1148,0,0.68899184,1
1149,0,0.53351897,0
1150,0,0.7208598,1
1151,0,0.5127002,0
1152,0,0.5001483,0
1153,0,0.6943027,1
1154,0,0.51563513,0
1155,0,0.71102977,1
1156,0,0.68056023,1
1157,0,0.5270274,0
1158,0,0.50144386,0
1159,0,0.5000595,0
1160,0,0.5805899,0
1161,0,0.73077047,1
1162,0,0.5196889,0
1163,0,0.72903776,1
1164,1,0.71233225,1
1165,0,0.50005543,0
1166,0,0.50034857,0
1167,0,0.5003288,0
1168,0,0.72056496,1
1169,1,0.73028994,1
1170,0,0.5137218,0
1171,0,0.7044652,1
1172,0,0.50394434,0
1173,0,0.5022373,0
1174,1,0.6490227,1
1175,0,0.72990495,1
1176,0,0.7013041,1
1177,0,0.6577583,1
1178,0,0.50072813,0
1179,0,0.729327,1
1180,0,0.73028994,1
1181,0,0.5126773,0
1182,0,0.5000176,0
1183,0,0.7233095,1
1184,0,0.5000695,0
1185,0,0.51848525,0
1186,0,0.5098864,0
1187,0,0.69097626,1
1188,0,0.5015602,0
1189,0,0.64980084,1
1190,0,0.5031204,0
1191,0,0.50256157,0
1192,0,0.500159,0
1193,0,0.6410854,1
1194,0,0.6292052,1
1195,0,0.50074816,0
1196,0,0.7264256,1
1197,0,0.500401,0
1198,0,0.504978,0
1199,0,0.5017395,0
1200,0,0.50008,0
1201,0,0.6940954,1
1202,0,0.5001904,0
1203,0,0.51398104,0
1204,0,0.61682045,0
1205,0,0.535311,0
1206,0,0.7218412,1
1207,0,0.50403965,0
1208,0,0.54131794,0
1209,0,0.5000053,0
1210,0,0.6568784,1
1211,1,0.7061904,1
1212,0,0.7298087,1
1213,1,0.72311395,1
1214,0,0.50001425,0
1215,0,0.5045661,0
1216,0,0.50020576,0
1217,0,0.5608841,0
1218,0,0.51255536,0
1219,0,0.50008,0
1220,0,0.5006528,0
1221,1,0.684475,1
1222,1,0.7294234,1
1223,0,0.56154543,0
1224,1,0.53002363,0
1225,0,0.50025916,0
1226,0,0.7088176,1
1227,0,0.5006256,0
1228,0,0.50013816,0
1229,0,0.6039318,0
1230,0,0.724578,1
1231,0,0.5919591,0
1232,0,0.50010765,0
1233,0,0.51923186,0
1234,0,0.72545415,1
1235,0,0.50086737,0
1236,0,0.5932558,0
1237,0,0.51535314,0
1238,0,0.57439476,0
1239,1,0.7213508,1
1240,0,0.7156228,1
1241,0,0.5121665,0
1242,0,0.5000336,0
1243,0,0.72036827,1
1244,0,0.71273226,1
1245,0,0.50085735,0
1246,0,0.50038266,0
1247,0,0.6568784,1
1248,0,0.5001168,0
1249,0,0.5000336,0
1250,0,0.5013304,0
1251,0,0.5000928,0
1252,0,0.72691053,1
1253,0,0.7303861,1
1254,0,0.7218412,1
1255,0,0.72671664,1
1256,1,0.72036827,1
1257,0,0.5613351,0
1258,0,0.7301937,1
1259,0,0.724578,1
1260,0,0.5063664,0
1261,1,0.7280721,1
1262,0,0.661267,1
1263,1,0.72594017,1
1264,0,0.63204867,1
1265,0,0.500772,0
1266,0,0.50060844,0
1267,0,0.7301937,1
1268,0,0.50756776,0
1269,0,0.70740473,1
1270,0,0.50072813,0
1271,0,0.7246755,1
1272,0,0.5000653,0
1273,0,0.5000648,0
1274,1,0.63883525,1
1275,0,0.624179,1
1276,0,0.50799495,0
1277,0,0.6396235,1
1278,1,0.67308426,1
1279,0,0.5318173,0
1280,0,0.51815,0
1281,0,0.624866,1
1282,0,0.64052343,1
1283,0,0.50032735,0
1284,0,0.50030994,0
1285,0,0.5004122,0
1286,0,0.5093144,0
1287,0,0.5946101,0
1288,0,0.72710437,1
1289,0,0.5008025,0
1290,0,0.506805,0
1291,0,0.527636,0
1292,1,0.7300975,1
1293,0,0.50203896,0
1294,0,0.6989463,1
1295,0,0.7242856,1
1296,0,0.5028763,0
1297,0,0.67405045,1
1298,0,0.72535694,1
1299,0,0.6620321,1
1300,0,0.50045085,0
1301,0,0.5001182,0
1302,0,0.5128374,0
1303,0,0.5000521,0
1304,0,0.52739257,0
1305,1,0.72661966,1
1306,0,0.50138855,0
1307,0,0.520999,0
1308,0,0.7294234,1
1309,0,0.506046,0
1310,0,0.53142214,0
1311,0,0.5000485,0
1312,1,0.72758853,1
1313,0,0.5000292,0
1314,0,0.73077047,1
1315,0,0.5300693,0
1316,0,0.72661966,1
1317,0,0.5874107,0
1318,0,0.51146495,0
1319,0,0.6099308,0
1320,0,0.50033,0
1321,0,0.5022812,0
1322,0,0.50736946,0
1323,0,0.5009637,0
1324,0,0.71153116,1
1325,1,0.63431686,1
1326,0,0.50019944,0
1327,1,0.7277821,1
1328,0,0.5628374,0
1329,0,0.72710437,1
1330,0,0.7134316,1
1331,0,0.5000381,0
1332,0,0.5128374,0
1333,0,0.65544635,1
1334,0,0.5001027,0
1335,0,0.500597,0
1336,1,0.7017131,1
1337,1,0.72710437,1
1338,0,0.66432256,1
1339,0,0.6964747,1
1340,0,0.6948206,1
1341,1,0.7055822,1
1342,0,0.50030756,0
1343,0,0.500001,0
1344,0,0.5004668,0
1345,0,0.7294234,1
1346,1,0.7297124,1
1347,0,0.5020313,0
1348,0,0.52390754,0
1349,0,0.50363916,0
1350,0,0.53309363,0
1351,0,0.7241881,1
1352,0,0.7308665,1
1353,0,0.5024357,0
1354,0,0.5368593,0
1355,0,0.50549674,0
1356,0,0.664758,1
1357,0,0.50064754,0
1358,0,0.5026016,0
1359,0,0.5069232,0
1360,0,0.67405045,1
1361,0,0.5000406,0
1362,1,0.7282654,1
1363,0,0.7220373,1
1364,0,0.54383254,0
1365,0,0.5022297,0
1366,0,0.500772,0
1367,0,0.73077047,1
1368,0,0.50127506,0
1369,0,0.5365861,0
1370,0,0.7301937,1
1371,0,0.50015724,0
1372,0,0.5441656,0
1373,0,0.6103373,0
1374,0,0.7217432,1
1375,0,0.5002501,0
1376,0,0.5001404,0
1377,0,0.50241846,0
1378,0,0.61236763,0
1379,0,0.5427724,0
1380,0,0.5000521,0
1381,0,0.50089836,0
1382,0,0.5009823,0
1383,0,0.5046538,0
1384,0,0.5758266,0
1385,0,0.5010538,0
1386,0,0.5002066,0
1387,1,0.72990495,1
1388,0,0.5046996,0
1389,0,0.5023079,0
1390,0,0.50122166,0
1391,0,0.71042746,1
1392,0,0.70426184,1
1393,0,0.67415774,1
1394,0,0.5053213,0
1395,0,0.5000375,0
1396,0,0.5048369,0
1397,0,0.50300217,0
1398,0,0.5046614,0
1399,0,0.5681163,0
1400,0,0.70058763,1
1401,0,0.70385486,1
1402,0,0.72623146,1
1403,0,0.50015724,0
1404,0,0.6940954,1
1405,0,0.5348859,0
1406,0,0.50043344,0
1407,0,0.5028553,0
1408,0,0.6073139,0
1409,0,0.5032425,0
1410,0,0.6728693,1
1411,0,0.7301937,1
1412,0,0.7217432,1
1413,1,0.717507,1
1414,0,0.5004723,0
1415,0,0.5032062,0
1416,0,0.64220816,1
1417,0,0.5032806,0
1418,0,0.57618433,0
1419,0,0.50135136,0
1420,1,0.52956754,0
1421,0,0.500793,0
1422,1,0.7295198,1
1423,0,0.50111675,0
1424,0,0.7208598,1
1425,0,0.6635599,1
1426,0,0.50022244,0
1427,1,0.729327,1
1428,0,0.50089836,0
1429,0,0.60247093,0
1430,0,0.5000145,0
1431,0,0.5001867,0
1432,0,0.52374005,0
1433,0,0.51667166,0
1434,0,0.500001,0
1435,0,0.6493563,1
1436,0,0.5827879,0
1437,0,0.50066805,0
1438,0,0.5690745,0
1439,0,0.72700745,1
1440,0,0.72623146,1
1441,0,0.729327,1
1442,0,0.60888475,0
1443,0,0.50376886,0
1444,0,0.50015664,0
1445,0,0.5064274,0
1446,0,0.6556668,1
1447,0,0.6365791,1
1448,0,0.50003964,0
1449,0,0.5012264,0
1450,0,0.5000114,0
1451,0,0.5008311,0
1452,0,0.5561887,0
1453,0,0.70548075,1
1454,0,0.50111675,0
1455,0,0.50153637,0
1456,0,0.60428214,0
1457,0,0.61126596,0
1458,0,0.5044974,0
1459,0,0.7282654,1
1460,0,0.67779404,1
1461,0,0.6315943,1
1462,0,0.6408606,1
1463,0,0.728362,1
1464,0,0.72545415,1
1465,0,0.71472764,1
1466,0,0.56124485,0
1467,1,0.7280721,1
1468,0,0.5000493,0
1469,0,0.50042343,0
1470,0,0.50166035,0
1471,0,0.5545609,0
1472,0,0.5018015,0
1473,0,0.54852235,0
1474,0,0.500025,0
1475,0,0.5000029,0
1476,0,0.5029106,0
1477,0,0.5000572,0
1478,0,0.6618136,1
1479,0,0.5026531,0
1480,1,0.5006156,0
1481,0,0.500059,0
1482,0,0.5268753,0
1483,0,0.50498563,0
1484,0,0.5049666,0
1485,0,0.5016279,0
1486,0,0.7308665,1
1487,0,0.5016031,0
1488,0,0.6900372,1
1489,0,0.5015974,0
1490,0,0.52821404,0
1491,0,0.50075674,0
1492,0,0.5002123,0
1493,0,0.7305783,1
1494,0,0.6945099,1
1495,0,0.5000038,0
1496,0,0.6971968,1
1497,0,0.55438,0
1498,0,0.5007992,0
1499,0,0.50895596,0
1500,0,0.5020714,0
1501,0,0.72193927,1
1502,0,0.50368303,0
1503,0,0.5100237,0
1504,0,0.694199,1
1505,1,0.7300975,1
1506,0,0.50000364,0
1507,0,0.73028994,1
1508,0,0.50731224,0
1509,0,0.5000013,0
1510,0,0.7025301,1
1511,0,0.5020313,0
1512,0,0.50135136,0
1513,0,0.5031566,0
1514,0,0.5142631,0
1515,0,0.5164888,0
1516,0,0.63420355,1
1517,0,0.56745726,0
1518,1,0.728362,1
1519,0,0.5779718,0
1520,0,0.7304822,1
1521,0,0.5014162,0
1522,0,0.51163274,0
1523,0,0.5009055,0
1524,0,0.7281688,1
1525,0,0.7090191,1
1526,0,0.728362,1
1527,0,0.50009245,0
1528,0,0.5021858,0
1529,0,0.50125504,0
1530,0,0.68215036,1
1531,0,0.5000485,0
1532,0,0.56355816,0
1533,1,0.7233095,1
1534,0,0.5030365,0
1535,0,0.5012655,0
1536,0,0.5002663,0
1537,0,0.7285552,1
1538,0,0.5002663,0
1539,0,0.7291342,1
1540,0,0.50005853,0
1541,0,0.50033903,0
1542,1,0.7304822,1
1543,0,0.51125145,0
1544,1,0.72903776,1
1545,0,0.545891,0
1546,0,0.50011235,0
1547,0,0.5000049,0
1548,0,0.72535694,1
1549,0,0.50140476,0
1550,0,0.7305783,1
1551,0,0.5034751,0
1552,0,0.50593156,0
1553,0,0.5011263,0
1554,0,0.6257812,1
1555,0,0.5026226,0
1556,0,0.50000143,0
1557,0,0.50123596,0
1558,0,0.5057981,0
1559,1,0.6810908,1
1560,0,0.60614884,0
1561,0,0.50099754,0
1562,0,0.5000051,0
1563,0,0.50018096,0
1564,0,0.7200731,1
1565,0,0.6398486,1
1566,0,0.5984882,0
1567,0,0.502573,0
1568,0,0.50000256,0
1569,0,0.50029135,0
1570,1,0.7194822,1
1571,0,0.50080585,0
1572,0,0.6746938,1
1573,0,0.50027156,0
1574,0,0.5221565,0
1575,0,0.5141335,0
1576,0,0.5216387,0
1577,0,0.5078271,0
1578,1,0.71183175,1
1579,0,0.7152251,1
1580,0,0.72623146,1
1581,0,0.5125782,0
1582,0,0.50593156,0
1583,1,0.7051763,1
1584,0,0.500035,0
1585,0,0.50036955,0
1586,1,0.7306744,1
1587,0,0.50005084,0
1588,0,0.7291342,1
1589,0,0.5000103,0
1590,0,0.7043636,1
1591,0,0.73028994,1
1592,0,0.66551924,1
1593,1,0.7243831,1
1594,0,0.5003753,0
1595,0,0.7261344,1
1596,0,0.5622366,0
1597,0,0.50350183,0
1598,0,0.6303436,1
1599,0,0.649912,1
1600,0,0.50004894,0
1601,0,0.50437915,0
1602,0,0.5001941,0
1603,0,0.50097847,0
1604,0,0.5012903,0
1605,1,0.7298087,1
1606,0,0.7300975,1
1607,1,0.72739494,1
1608,0,0.6313671,1
1609,0,0.7153245,1
1610,0,0.5018225,0
1611,0,0.5003431,0
1612,0,0.7276853,1
1613,0,0.5000378,0
1614,0,0.5614553,0
1615,1,0.7295198,1
1616,0,0.6962682,1
1617,0,0.5071635,0
1618,0,0.5920771,0
1619,0,0.50157833,0
1620,0,0.53476435,0
1621,1,0.5467079,0
1622,0,0.5062482,0
1623,0,0.500018,0
1624,0,0.7305783,1
1625,0,0.50049496,0
1626,0,0.5003667,0
1627,0,0.50030994,0
1628,0,0.5000088,0
1629,0,0.50004894,0
1630,1,0.6635599,1
1631,0,0.7097238,1
1632,0,0.50355715,0
1633,0,0.50025916,0
1634,0,0.5581765,0
1635,0,0.7240906,1
1636,0,0.5000112,0
1637,0,0.72594017,1
1638,0,0.5081017,0
1639,0,0.5000126,0
1640,1,0.68257374,1
1641,0,0.5021286,0
1642,0,0.61929864,0
1643,0,0.6974029,1
1644,0,0.5049666,0
1645,0,0.5052298,0
1646,1,0.7108291,1
1647,0,0.5053709,0
1648,0,0.66268736,1
1649,0,0.500535,0
1650,0,0.72233117,1
1651,1,0.5145833,0
1652,0,0.5202221,0
1653,0,0.5050352,0
1654,0,0.5118539,0
1655,0,0.57469314,0
1656,0,0.50117016,0
1657,0,0.5001465,0
1658,0,0.64052343,1
1659,0,0.50820845,0
1660,0,0.50003445,0
1661,0,0.50013447,0
1662,0,0.50184345,0
1663,0,0.7112304,1
1664,0,0.5000832,0
1665,0,0.5305101,0
1666,0,0.7292306,1
1667,0,0.73077047,1
1668,0,0.51491106,0
1669,0,0.5001972,0
1670,0,0.51815,0
1671,0,0.72036827,1
1672,0,0.64768684,1
1673,0,0.62909126,1
1674,0,0.5372538,0
1675,0,0.5031814,0
1676,0,0.50008255,0
1677,0,0.6021786,0
1678,0,0.65301627,1
1679,0,0.5818378,0
1680,0,0.6234915,1
1681,0,0.5142402,0
1682,0,0.71492666,1
1683,0,0.5002463,0
1684,0,0.5000166,0
1685,0,0.54873395,0
1686,0,0.5184091,0
1687,0,0.728362,1
1688,0,0.55573666,0
1689,0,0.6621414,1
1690,0,0.5016537,0
1691,0,0.7071014,1
1692,0,0.6576484,1
1693,0,0.500854,0
1694,0,0.5675771,0
1695,0,0.50001025,0
1696,0,0.5000537,0
1697,0,0.5000062,0
1698,1,0.6205641,0
1699,0,0.5000101,0
1700,0,0.50011235,0
1701,0,0.7126323,1
1702,0,0.7291342,1
1703,0,0.7282654,1
1704,0,0.50031114,0
1705,0,0.5024738,0
1706,0,0.52415115,0
1707,0,0.5011215,0
1708,0,0.51971936,0
1709,0,0.655336,1
1710,0,0.5004525,0
1711,0,0.59425694,0
1712,0,0.50403965,0
1713,1,0.5430753,0
1714,0,0.50437915,0
1715,0,0.5043944,0
1716,0,0.5052107,0
1717,1,0.72845864,1
1718,0,0.5064503,0
1719,0,0.5005088,0
1720,0,0.72233117,1
1721,0,0.50004816,0
1722,0,0.72632855,1
1723,0,0.5001979,0
1724,0,0.50018096,0
1725,0,0.5178605,0
1726,0,0.72671664,1
1727,0,0.7187918,1
1728,0,0.59508085,0
1729,1,0.64321727,1
1730,1,0.6775807,1
1731,0,0.5002947,0
1732,0,0.71353143,1
1733,0,0.6149144,0
1734,0,0.5019388,0
1735,0,0.51703745,0
1736,0,0.50001174,0
1737,0,0.50166035,0
1738,0,0.50135136,0
1739,0,0.7129322,1
1740,1,0.7303861,1
1741,0,0.72115445,1
1742,0,0.6454552,1
1743,0,0.50023043,0
1744,0,0.5002359,0
1745,0,0.7217432,1
1746,0,0.7298087,1
1747,0,0.728362,1
1748,0,0.5000794,0
1749,0,0.5000147,0
1750,0,0.500024,0
1751,0,0.5012655,0
1752,0,0.50049686,0
1753,1,0.7295198,1
1754,0,0.7308665,1
1755,0,0.5481898,0
1756,0,0.53199965,0
1757,0,0.7296161,1
1758,0,0.7272012,1
1759,0,0.51750994,0
1760,0,0.5106185,0
1761,0,0.7292306,1
1762,0,0.51125145,0
1763,0,0.7297124,1
1764,0,0.50066805,0
1765,1,0.56973296,0
1766,0,0.5021362,0
1767,0,0.50015235,0
1768,0,0.50029707,0
1769,0,0.5006504,0
1770,1,0.71243227,1
1771,0,0.5028553,0
1772,0,0.5829066,0
1773,0,0.7129322,1
1774,0,0.50044894,0
1775,0,0.50222015,0
1776,0,0.50001514,0
1777,0,0.73028994,1
1778,0,0.6438893,1
1779,0,0.5005522,0
1780,0,0.5130281,0
1781,0,0.69336915,1
1782,0,0.58165956,0
1783,0,0.6859495,1
1784,0,0.5094365,0
1785,0,0.68763,1
1786,0,0.50608414,0
1787,0,0.57128835,0
1788,0,0.5063321,0
1789,0,0.7210562,1
1790,0,0.6567684,1
1791,0,0.5012846,0
1792,0,0.5010624,0
1793,0,0.51080155,0
1794,0,0.5401963,0
1795,0,0.50279045,0
1796,0,0.5157266,0
1797,0,0.5994265,0
1798,0,0.5003979,0
1799,0,0.5601323,0
1800,0,0.50009686,0
1801,1,0.7291342,1
1802,0,0.7261344,1
1803,0,0.67854,1
1804,0,0.50002724,0
1805,0,0.5825504,0
1806,0,0.5103287,0
1807,0,0.50137234,0
1808,0,0.69699055,1
1809,0,0.5216387,0
1810,0,0.50250244,0
1811,0,0.72632855,1
1812,0,0.7055822,1
1813,0,0.50391763,0
1814,0,0.7295198,1
1815,0,0.5002396,0
1816,0,0.5058095,0
1817,0,0.500121,0
1818,0,0.5002694,0
1819,0,0.5892437,0
1820,0,0.50004286,0
1821,0,0.52655584,0
1822,0,0.5013466,0
1823,0,0.7256486,1
1824,0,0.50043535,0
1825,0,0.5001584,0
1826,0,0.50012636,0
1827,0,0.501091,0
1828,0,0.72845864,1
1829,0,0.55730325,0
1830,0,0.50739616,0
1831,1,0.7193836,1
1832,0,0.50153637,0
1833,0,0.50498563,0
1834,0,0.6369179,1
1835,0,0.52725565,0
1836,0,0.717408,1
1837,0,0.5198565,0
1838,0,0.5046004,0
1839,0,0.7248703,1
1840,1,0.72903776,1
1841,0,0.72066325,1
1842,0,0.5044974,0
1843,0,0.5005007,0
1844,0,0.5015602,0
1845,0,0.61647415,0
1846,0,0.5026531,0
1847,0,0.5001409,0
1848,0,0.5053099,0
1849,0,0.68763,1
1850,0,0.70598775,1
1851,0,0.5000159,0
1852,0,0.7295198,1
1853,0,0.5001904,0
1854,0,0.50734276,0
1855,0,0.5005436,0
1856,1,0.7300013,1
1857,0,0.6417592,1
1858,0,0.6050992,0
1859,0,0.5016794,0
1860,0,0.50802547,0
1861,0,0.7212526,1
1862,0,0.6398486,1
1863,0,0.50037384,0
1864,0,0.5388012,0
1865,0,0.50961185,0
1866,0,0.5127917,0
1867,0,0.5692541,0
1868,0,0.6654106,1
1869,0,0.7282654,1
1870,0,0.6493563,1
1871,0,0.50804067,0
1872,0,0.51546746,0
1873,0,0.50003606,0
1874,0,0.5477362,0
1875,0,0.55178505,0
1876,0,0.5055921,0
1877,0,0.5005188,0
1878,0,0.51420975,0
1879,0,0.5028763,0
1880,0,0.53367084,0
1881,1,0.7294234,1
1882,0,0.70740473,1
1883,0,0.502552,0
1884,0,0.60399026,0
1885,0,0.5002296,0
1886,0,0.50011367,0
1887,0,0.7058864,1
1888,0,0.5000679,0
1889,0,0.7291342,1
1890,0,0.7305783,1
1891,0,0.5118767,0
1892,0,0.50007343,0
1893,0,0.5091085,0
1894,0,0.69699055,1
1895,0,0.71711093,1
1896,0,0.5000623,0
1897,0,0.51418686,0
1898,0,0.7292306,1
1899,0,0.50003415,0
1900,0,0.50035405,0
1901,0,0.63849723,1
1902,0,0.5054243,0
1903,0,0.50030756,0
1904,0,0.5005808,0
1905,0,0.51491106,0
1906,0,0.72535694,1
1907,0,0.55368626,0
1908,0,0.67319167,1
1909,0,0.5047987,0
1910,0,0.5000643,0
1911,0,0.5852789,0
1912,1,0.5095813,0
1913,0,0.506805,0
1914,0,0.6796041,1
1915,0,0.71472764,1
1916,0,0.50016093,0
1917,0,0.5056684,0
1918,0,0.51007706,0
1919,0,0.50091267,0
1920,0,0.50037813,0
1921,0,0.50955844,0
1922,1,0.72076154,1
1923,0,0.5000212,0
1924,0,0.7287483,1
1925,0,0.50136185,0
1926,0,0.5002663,0
1927,0,0.52000886,0
1928,0,0.500013,0
1929,0,0.71452844,1
1930,0,0.6873153,1
1931,0,0.70811164,1
1932,0,0.50034046,0
1933,0,0.5007453,0
1934,0,0.7108291,1
1935,0,0.7308665,1
1936,0,0.61508787,0
1937,0,0.5003016,0
1938,0,0.7282654,1
1939,0,0.5054243,0
1940,0,0.56457865,0
1941,0,0.5961981,0
1942,0,0.50597733,0
1943,0,0.5010872,0
1944,0,0.50355715,0
1945,0,0.6723317,1
1946,0,0.50039935,0
1947,0,0.5506074,0
1948,0,0.51013047,0
1949,0,0.50056314,0
1950,0,0.5141335,0
1951,0,0.5805899,0
1952,0,0.5053404,0
1953,0,0.5020466,0
1954,0,0.66093874,1
1955,0,0.51042026,0
1956,0,0.5649387,0
1957,0,0.5000695,0
1958,0,0.72623146,1
1959,0,0.50000423,0
1960,1,0.62291825,1
1961,0,0.7301937,1
1962,0,0.5026226,0
1963,0,0.500014,0
1964,0,0.7189892,1
1965,0,0.50032115,0
1966,0,0.70395666,1
1967,0,0.7232117,1
1968,0,0.62658125,1
1969,0,0.5626572,0
1970,0,0.6868954,1
1971,0,0.5000537,0
1972,0,0.597373,0
1973,0,0.50907034,0
1974,0,0.67779404,1
1975,0,0.5001471,0
1976,0,0.7308665,1
1977,0,0.7166154,1
1978,0,0.5004854,0
1979,0,0.5000497,0
1980,0,0.6135839,0
1981,1,0.60987276,0
1982,0,0.7268136,1
1983,0,0.50005585,0
1984,0,0.6712551,1
1985,0,0.5029564,0
1986,0,0.5021782,0
1987,0,0.7308665,1
1988,1,0.7180016,1
1989,0,0.50012887,0
1990,0,0.729327,1
1991,0,0.7004852,1
1992,0,0.5000387,0
1993,0,0.500226,0
1994,0,0.5596511,0
1995,0,0.5000067,0
1996,1,0.5591998,0
1997,0,0.50049496,0
1998,0,0.52040493,0
1999,0,0.7268136,1
2000,1,0.7217432,1
2001,0,0.5001173,0
2002,1,0.73077047,1
2003,0,0.729327,1
2004,1,0.72903776,1
2005,0,0.70548075,1
2006,0,0.7308665,1
2007,0,0.5017662,0
2008,0,0.5000201,0
2009,0,0.5000456,0
2010,0,0.50271416,0
2011,0,0.648355,1
2012,0,0.5149339,0
2013,0,0.5000921,0
2014,1,0.7300013,1
2015,0,0.51577234,0
2016,0,0.5005145,0
2017,0,0.5145833,0
2018,1,0.7198762,1
2019,0,0.7132319,1
2020,0,0.7305783,1
2021,1,0.70416015,1
2022,1,0.7305783,1
2023,0,0.5119835,0
2024,0,0.53479475,0
2025,1,0.72700745,1
2026,0,0.53136134,0
2027,0,0.7292306,1
2028,0,0.5000014,0
2029,0,0.685002,1
2030,0,0.50248337,0
2031,0,0.72749174,1
2032,1,0.6966811,1
2033,0,0.50013447,0
2034,1,0.6712551,1
2035,0,0.500011,0
2036,0,0.53278977,0
2037,0,0.7251623,1
2038,0,0.51305854,0
2039,0,0.5040549,0
2040,0,0.5076555,0
2041,1,0.728362,1
2042,0,0.5141335,0
2043,0,0.5000015,0
2044,0,0.5022716,0
2045,0,0.7255514,1
2046,0,0.51045835,0
2047,0,0.5228722,0
2048,0,0.5034484,0
2049,0,0.5000027,0
2050,0,0.5002074,0
2051,0,0.5009489,0
2052,0,0.6762993,1
2053,0,0.5002098,0
2054,0,0.70932126,1
2055,1,0.6279512,1
2056,0,0.5493687,0
2057,0,0.67082393,1
2058,0,0.50013244,0
2059,0,0.6737286,1
2060,0,0.7136312,1
2061,0,0.5000013,0
2062,0,0.6255525,1
2063,0,0.51045835,0
2064,0,0.7148271,1
2065,0,0.5026321,0
2066,0,0.5023079,0
2067,0,0.64478445,1
2068,0,0.5195823,0
2069,0,0.50010234,0
2070,0,0.5001956,0
2071,0,0.6684475,1
2072,0,0.5015974,0
2073,0,0.5123723,0
2074,0,0.5295067,0
2075,0,0.5014219,0
2076,0,0.5022983,0
2077,0,0.50006634,0
2078,0,0.5007138,0
2079,0,0.53193885,0
2080,0,0.7185944,1
2081,0,0.50514203,0
2082,0,0.5512718,0
2083,1,0.7285552,1
2084,0,0.5211056,0
2085,0,0.5192623,0
2086,0,0.71721,1
2087,0,0.7235049,1
2088,0,0.5000163,0
2089,0,0.7295198,1
2090,0,0.5019312,0
2091,0,0.50027895,0
2092,0,0.6292052,1
2093,0,0.6092336,0
2094,0,0.5783291,0
2095,0,0.71869314,1
2096,0,0.50010765,0
2097,1,0.7119319,1
2098,0,0.6165319,0
2099,0,0.69118476,1
2100,0,0.5029792,0
2101,0,0.7297124,1
2102,0,0.7287483,1
2103,0,0.500009,0
2104,0,0.7308665,1
2105,0,0.6010083,0
2106,0,0.6346565,1
2107,0,0.53278977,0
2108,0,0.7297124,1
2109,0,0.5025139,0
2110,0,0.50015116,0
2111,0,0.7282654,1
2112,0,0.5217605,0
2113,0,0.71839684,1
2114,0,0.72700745,1
2115,0,0.5230397,0
2116,0,0.50419605,0
2117,0,0.55139256,0
2118,0,0.51044315,0
2119,0,0.5046194,0
2120,0,0.71173155,1
2121,0,0.5011301,0
2122,0,0.50249285,0
2123,0,0.50416553,0
2124,0,0.5000154,0
2125,0,0.503107,0
2126,0,0.5031681,0
2127,0,0.51865286,0
2128,0,0.5004525,0
2129,0,0.50002897,0
2130,0,0.6663882,1
2131,0,0.5186833,0
2132,0,0.58100593,0
2133,0,0.5000442,0
2134,0,0.5003917,0
2135,0,0.5079034,0
2136,0,0.50007516,0
2137,0,0.50070286,0
2138,0,0.5037975,0
2139,1,0.69750595,1
2140,0,0.72700745,1
2141,0,0.500298,0
2142,0,0.7306744,1
2143,0,0.5874107,0
2144,1,0.71213204,1
2145,0,0.69987017,1
2146,0,0.50007576,0
2147,0,0.5091924,0
2148,0,0.5215321,0
2149,0,0.50003934,0
2150,0,0.51092356,0
2151,1,0.72691053,1
2152,0,0.5208162,0
2153,0,0.50358385,0
2154,0,0.6461254,1
2155,0,0.5006504,0
2156,0,0.50026727,0
2157,0,0.5452252,0
2158,0,0.51979554,0
2159,0,0.5189271,0
2160,0,0.5015011,0
2161,0,0.52996284,0
2162,0,0.5000537,0
2163,0,0.6756576,1
2164,0,0.5002482,0
2165,0,0.50151825,0
2166,0,0.5006013,0
2167,0,0.7129322,1
2168,0,0.5006633,0
2169,0,0.64924514,1
2170,0,0.50032496,0
2171,0,0.5000595,0
2172,0,0.6794978,1
2173,0,0.7261344,1
2174,0,0.72026986,1
2175,0,0.725065,1
2176,0,0.7282654,1
2177,0,0.5102067,0
2178,0,0.5022297,0
2179,1,0.7281688,1
2180,1,0.72389543,1
2181,1,0.73028994,1
2182,0,0.5681163,0
2183,0,0.72632855,1
2184,0,0.72700745,1
2185,0,0.50089836,0
2186,0,0.5000695,0
2187,0,0.7264256,1
2188,0,0.5005107,0
2189,0,0.5000331,0
2190,0,0.504856,0
2191,0,0.5000352,0
2192,0,0.6806664,1
2193,0,0.50070286,0
2194,0,0.5000164,0
2195,0,0.50007635,0
2196,0,0.55486244,0
2197,1,0.7292306,1
2198,0,0.5009055,0
2199,0,0.573559,0
2200,0,0.50352854,0
2201,0,0.50122166,0
2202,0,0.5238619,0
2203,0,0.64321727,1
2204,0,0.50058985,0
2205,0,0.50136185,0
2206,0,0.5994265,0
2207,0,0.6723317,1
2208,0,0.5007396,0
2209,0,0.50271416,0
2210,0,0.71780384,1
2211,0,0.5004761,0
2212,0,0.50022244,0
2213,0,0.50321764,0
2214,0,0.50005126,0
2215,0,0.7089184,1
2216,0,0.50017333,0
2217,0,0.7071014,1
2218,0,0.7292306,1
2219,0,0.500916,0
2220,1,0.7236025,1
2221,0,0.5001781,0
2222,0,0.5014267,0
2223,0,0.5051039,0
2224,0,0.5003123,0
2225,0,0.5030593,0
2226,0,0.50026417,0
2227,0,0.5000537,0
2228,0,0.7200731,1
2229,0,0.713132,1
2230,0,0.5018225,0
2231,0,0.6924341,1
2232,0,0.50008,0
2233,1,0.63996106,1
2234,0,0.5180128,0
2235,0,0.5004456,0
2236,0,0.5115946,0
2237,0,0.72545415,1
2238,0,0.5011749,0
2239,0,0.50042343,0
2240,0,0.50001717,0
2241,0,0.50003606,0
2242,0,0.5000118,0
2243,0,0.5192623,0
2244,0,0.636805,1
2245,0,0.51854616,0
2246,0,0.59190017,0
2247,0,0.5000155,0
2248,0,0.72749174,1
2249,0,0.53628254,0
2250,0,0.5292026,0
2251,0,0.50299066,0
2252,0,0.5028228,0
2253,0,0.7052778,1
2254,0,0.5000984,0
2255,0,0.7281688,1
2256,0,0.55425936,0
2257,0,0.69368047,1
2258,0,0.5000497,0
2259,0,0.5002425,0
2260,0,0.50095606,0
2261,0,0.5127917,0
2262,0,0.50013924,0
2263,0,0.5235269,0
2264,0,0.50788814,0
2265,0,0.5001838,0
2266,0,0.5038566,0
2267,0,0.6545636,1
2268,0,0.6904547,1
2269,0,0.5317261,0
2270,0,0.5062215,0
2271,0,0.67768735,1
2272,0,0.50003135,0
2273,0,0.7288448,1
2274,0,0.5987229,0
2275,0,0.5037536,0
2276,0,0.7303861,1
2277,0,0.5448014,0
2278,0,0.5093831,0
2279,0,0.50011325,0
2280,0,0.7248703,1
2281,0,0.5014782,0
2282,0,0.500098,0
2283,0,0.5015726,0
2284,0,0.51673263,0
2285,0,0.50004286,0
2286,0,0.6584175,1
2287,0,0.5157266,0
2288,0,0.7303861,1
2289,0,0.50504285,0
2290,0,0.5031566,0
2291,0,0.50533277,0
2292,0,0.6929537,1
2293,0,0.7232117,1
2294,0,0.50071144,0
2295,0,0.5008311,0
2296,0,0.7010995,1
2297,0,0.5121436,0
2298,0,0.5013046,0
2299,0,0.7304822,1
2300,0,0.50166035,0
2301,1,0.72574586,1
2302,0,0.5026741,0
2303,0,0.50056076,0
2304,0,0.50261307,0
2305,0,0.5003197,0
2306,0,0.50000703,0
2307,0,0.5012598,0
2308,0,0.72990495,1
2309,0,0.5010214,0
2310,0,0.5067516,0
2311,0,0.5015068,0
2312,0,0.5000358,0
2313,0,0.5000083,0
2314,0,0.6293191,1
2315,0,0.50605744,0
2316,0,0.58367807,0
2317,0,0.7190878,1
2318,0,0.5001615,0
2319,0,0.7282654,1
2320,0,0.55841726,0
2321,0,0.7298087,1
2322,0,0.72894126,1
2323,0,0.6364661,1
2324,0,0.7300975,1
2325,0,0.5007367,0
2326,0,0.5002415,0
2327,1,0.72710437,1
2328,0,0.7200731,1
2329,0,0.6106276,0
2330,0,0.5000052,0
2331,0,0.5007138,0
2332,0,0.5014,0
2333,0,0.520085,0
2334,0,0.5208924,0
2335,0,0.5001925,0
2336,0,0.50753725,0
2337,0,0.7303861,1
2338,0,0.5001064,0
2339,0,0.5036678,0
2340,0,0.50007457,0
2341,0,0.500219,0
2342,0,0.6042238,0
2343,0,0.5307686,0
2344,0,0.6684475,1
2345,0,0.50045776,0
2346,0,0.50001615,0
2347,0,0.5001298,0
2348,0,0.5003326,0
2349,0,0.5000103,0
2350,0,0.7193836,1
2351,0,0.50517255,0
2352,0,0.65057826,1
2353,0,0.50000316,0
2354,0,0.6948206,1
2355,1,0.72311395,1
2356,0,0.5100923,0
2357,0,0.682891,1
2358,0,0.7292306,1
2359,0,0.50010973,0
2360,0,0.500136,0
2361,0,0.5001483,0
2362,0,0.5000017,0
2363,0,0.50134087,0
2364,0,0.53212124,0
2365,0,0.5001483,0
2366,0,0.7128323,1
2367,0,0.5065762,0
2368,0,0.73077047,1
2369,1,0.7201715,1
2370,0,0.684264,1
2371,0,0.5233594,0
2372,0,0.5000935,0
2373,0,0.500019,0
2374,0,0.5001259,0
2375,0,0.57242405,0
2376,0,0.50110435,0
2377,0,0.5029678,0
2378,1,0.5003917,0
2379,0,0.5083839,0
2380,0,0.5001824,0
2381,0,0.7291342,1
2382,0,0.5202221,0
2383,0,0.5002234,0
2384,0,0.5031814,0
2385,0,0.5000845,0
2386,0,0.50403965,0
2387,0,0.50058985,0
2388,1,0.7187918,1
2389,0,0.72115445,1
2390,0,0.5008087,0
2391,0,0.7295198,1
2392,1,0.7285552,1
2393,0,0.50005585,0
2394,0,0.55217755,0
2395,0,0.55154353,0
2396,0,0.7300975,1
2397,0,0.5006156,0
2398,0,0.6279512,1
2399,0,0.5004089,0
2400,0,0.502264,0
2401,0,0.684264,1
2402,0,0.7037531,1
2403,0,0.5001713,0
2404,0,0.50567985,0
2405,0,0.50701475,0
2406,0,0.5799952,0
2407,0,0.6906634,1
2408,1,0.7287483,1
2409,0,0.7282654,1
2410,0,0.641647,1
2411,0,0.50015354,0
2412,0,0.7281688,1
2413,1,0.5063168,0
2414,0,0.65654814,1
2415,1,0.504444,0
2416,0,0.5037975,0
2417,0,0.50968814,0
2418,0,0.5031566,0
2419,0,0.5005269,0
2420,0,0.630685,1
2421,0,0.5338228,0
2422,0,0.73077047,1
2423,0,0.674801,1
2424,0,0.5054243,0
2425,0,0.5198565,0
2426,1,0.7190878,1
2427,0,0.5061185,0
2428,0,0.5001774,0
2429,0,0.5000623,0
2430,1,0.6512439,1
2431,0,0.7163179,1
2432,0,0.5094746,0
2433,1,0.7227227,1
2434,0,0.50039625,0
2435,0,0.5504261,0
2436,0,0.5019169,0
2437,0,0.66551924,1
2438,0,0.50493985,0
2439,0,0.6128891,0
2440,0,0.50453174,0
2441,0,0.5570623,0
2442,0,0.5840933,0
2443,1,0.62589556,1
2444,0,0.50001526,0
2445,0,0.5000107,0
2446,0,0.6292052,1
2447,0,0.7247729,1
2448,0,0.50492084,0
2449,0,0.50064754,0
2450,0,0.73077047,1
2451,0,0.7280721,1
2452,0,0.70181525,1
2453,0,0.62658125,1
2454,0,0.5005188,0
2455,0,0.62498045,1
2456,0,0.53148293,0
2457,0,0.5142936,0
2458,0,0.7264256,1
2459,0,0.5005374,0
2460,1,0.7234072,1
2461,0,0.5000248,0
2462,0,0.67017674,1
2463,0,0.5145299,0
2464,0,0.69357675,1
2465,0,0.50034857,0
2466,0,0.5730215,0
2467,0,0.5000381,0
2468,0,0.7300013,1
2469,0,0.50090885,0
2470,0,0.7280721,1
2471,0,0.64523166,1
2472,0,0.5000137,0
2473,0,0.7208598,1
2474,0,0.5068584,0
2475,0,0.7025301,1
2476,1,0.72845864,1
2477,0,0.5083839,0
2478,0,0.50575614,0
2479,0,0.70821255,1
2480,0,0.5066143,0
2481,0,0.50001603,0
2482,0,0.7027341,1
2483,1,0.72865176,1
2484,0,0.5911333,0
2485,1,0.677474,1
2486,0,0.5002042,0
2487,0,0.51026773,0
2488,0,0.6203342,0
2489,0,0.69987017,1
2490,0,0.547585,0
2491,0,0.5022373,0
2492,1,0.72990495,1
2493,0,0.7265227,1
2494,0,0.515437,0
2495,0,0.71721,1
2496,0,0.7096232,1
2497,0,0.560824,0
2498,0,0.5000092,0
2499,0,0.6586371,1
2500,0,0.5118081,0
2501,0,0.7304822,1
2502,0,0.51013047,0
2503,0,0.6984323,1
2504,0,0.51575714,0
2505,0,0.5000132,0
2506,0,0.6572085,1
2507,0,0.7136312,1
2508,0,0.51121336,0
2509,0,0.50610703,0
2510,0,0.6589664,1
2511,0,0.50008065,0
2512,0,0.5270274,0
2513,0,0.5001713,0
2514,0,0.5000973,0
2515,1,0.72865176,1
2516,0,0.728362,1
2517,0,0.5000695,0
2518,1,0.7255514,1
2519,0,0.69471705,1
2520,0,0.53585756,0
2521,0,0.53351897,0
2522,0,0.6315943,1
2523,1,0.52492744,0
2524,0,0.7193836,1
2525,0,0.50080585,0
2526,0,0.7291342,1
2527,0,0.5000406,0
2528,0,0.5000819,0
2529,0,0.53028214,0
2530,0,0.50030756,0
2531,0,0.50022507,0
2532,0,0.5001415,0
2533,0,0.5102296,0
2534,0,0.695855,1
2535,0,0.50394434,0
2536,0,0.50008,0
2537,0,0.50034046,0
2538,0,0.7064943,1
2539,0,0.502737,0
2540,0,0.5443473,0
2541,1,0.7304822,1
2542,0,0.5000643,0
2543,0,0.6899327,1
2544,0,0.50577515,0
2545,0,0.50998557,0
2546,0,0.56847566,0
2547,0,0.5006733,0
2548,1,0.7221353,1
2549,0,0.58587146,0
2550,0,0.7292306,1
2551,0,0.50200844,0
2552,0,0.729327,1
2553,0,0.50177383,0
2554,0,0.5000288,0
2555,0,0.7298087,1
2556,0,0.50000966,0
2557,0,0.7251623,1
2558,1,0.72700745,1
2559,1,0.7303861,1
2560,0,0.71412987,1
2561,0,0.50004154,0
2562,0,0.5002811,0
2563,0,0.73028994,1
2564,0,0.5000016,0
2565,0,0.674265,1
2566,0,0.5428633,0
2567,0,0.5818972,0
2568,0,0.5444684,0
2569,0,0.5005188,0
2570,0,0.54809904,0
2571,0,0.6798167,1
2572,0,0.51469,0
2573,0,0.5155208,0
2574,0,0.51529217,0
2575,0,0.69699055,1
2576,0,0.5051916,0
2577,0,0.5002811,0
2578,0,0.5268753,0
2579,0,0.5000679,0
2580,0,0.72603726,1
2581,0,0.5130281,0
2582,0,0.50198364,0
2583,0,0.500257,0
2584,0,0.5000226,0
2585,0,0.5028,0
2586,0,0.5024738,0
2587,0,0.51308143,0
2588,0,0.50000334,0
2589,0,0.5926077,0
2590,0,0.71839684,1
2591,0,0.7102265,1
2592,0,0.50014365,0
2593,0,0.5003798,0
2594,0,0.71671456,1
2595,0,0.5699125,0
2596,0,0.6757646,1
2597,0,0.51127434,0
2598,0,0.69904906,1
2599,0,0.5321516,0
2600,0,0.7142296,1
2601,0,0.51402676,0
2602,0,0.5013256,0
2603,0,0.5002359,0
2604,0,0.54685915,0
2605,0,0.500864,0
2606,0,0.7301937,1
2607,0,0.51630586,0
2608,0,0.50169945,0
2609,0,0.7265227,1
2610,0,0.7261344,1
2611,0,0.501091,0
2612,0,0.5001085,0
2613,0,0.5001726,0
2614,0,0.7301937,1
2615,0,0.50024724,0
2616,0,0.50075674,0
2617,0,0.7240906,1
2618,1,0.7122322,1
2619,0,0.5227047,0
2620,0,0.7306744,1
2621,0,0.7306744,1
2622,0,0.50046515,0
2623,0,0.7300013,1
2624,0,0.5007868,0
2625,0,0.70639306,1
2626,0,0.50009423,0
2627,0,0.5023079,0
2628,0,0.6770471,1
2629,0,0.50034857,0
2630,0,0.5002034,0
2631,0,0.5026417,0
2632,0,0.7216451,1
2633,0,0.50010556,0
2634,0,0.5122808,0
2635,0,0.50070286,0
2636,0,0.70079243,1
2637,0,0.5015974,0
2638,0,0.5001489,0
2639,0,0.52230877,0
2640,0,0.6181467,0
2641,0,0.72700745,1
2642,0,0.5009675,0
2643,0,0.7166154,1
2644,0,0.7265227,1
2645,1,0.7305783,1
2646,0,0.5004797,0
2647,1,0.5207401,0
2648,0,0.5061757,0
2649,0,0.50016737,0
2650,0,0.50802547,0
2651,1,0.7301937,1
2652,0,0.5020714,0
2653,0,0.50151825,0
2654,0,0.62148345,0
2655,0,0.50010073,0
2656,0,0.7308665,1
2657,0,0.51239526,0
2658,0,0.5000145,0
2659,0,0.5007963,0
2660,0,0.5331544,0
2661,0,0.5033187,0
2662,0,0.51782995,0
2663,1,0.7216451,1
2664,0,0.6982266,1
2665,0,0.5005126,0
2666,0,0.50219536,0
2667,0,0.5000233,0
2668,0,0.63148063,1
2669,0,0.5205572,0
2670,0,0.51515496,0
2671,0,0.72671664,1
2672,0,0.50182915,0
2673,0,0.72574586,1
2674,0,0.72496766,1
2675,0,0.7308665,1
2676,0,0.7308665,1
2677,0,0.5002878,0
2678,0,0.50776994,0
2679,0,0.7050748,1
2680,0,0.50432575,0
2681,0,0.57104915,0
2682,0,0.50143814,0
2683,0,0.5001093,0
2684,0,0.5053213,0
2685,0,0.5002632,0
2686,0,0.53591824,0
2687,0,0.500437,0
2688,0,0.6548947,1
2689,0,0.5001377,0
2690,0,0.7303861,1
2691,0,0.674801,1
2692,0,0.5189881,0
2693,0,0.5213036,0
2694,0,0.69904906,1
2695,1,0.7303861,1
2696,0,0.54822004,0
2697,0,0.59519845,0
2698,0,0.5093449,0
2699,1,0.728362,1
2700,0,0.5781505,0
2701,0,0.50001717,0
2702,0,0.695855,1
2703,0,0.5120521,0
2704,0,0.50004023,0
2705,0,0.54031754,0
2706,0,0.5125096,0
2707,0,0.50064754,0
2708,0,0.502758,0
2709,0,0.50231737,0
2710,0,0.50097847,0
2711,0,0.6694208,1
2712,0,0.7142296,1
2713,0,0.7237002,1
2714,0,0.55929005,0
2715,0,0.53773934,0
2716,0,0.7166154,1
2717,0,0.5537164,0
2718,1,0.7297124,1
2719,0,0.5098178,0
2720,0,0.50003237,0
2721,0,0.5307534,0
2722,0,0.71213204,1
2723,0,0.7281688,1
2724,0,0.5002444,0
2725,0,0.5047911,0
2726,0,0.53324556,0
2727,0,0.50694996,0
2728,0,0.5114421,0
2729,0,0.5028324,0
2730,0,0.6982266,1
2731,0,0.7181993,1
2732,0,0.6993571,1
2733,0,0.7291342,1
2734,0,0.7247729,1
2735,0,0.5277881,0
2736,0,0.5713481,0
2737,0,0.55217755,0
2738,0,0.502922,0
2739,0,0.7243831,1
2740,0,0.5057447,0
2741,0,0.73028994,1
2742,0,0.5038566,0
2743,0,0.55769473,0
2744,0,0.5000055,0
2745,0,0.5127917,0
2746,0,0.72990495,1
2747,1,0.73028994,1
2748,0,0.7303861,1
2749,0,0.6237207,1
2750,0,0.50018454,0
2751,0,0.5000025,0
2752,0,0.50081825,0
2753,0,0.5306774,0
2754,0,0.55889887,0
2755,0,0.50157833,0
2756,0,0.7226249,1
2757,0,0.50029707,0
2758,0,0.54195434,0
2759,0,0.6794978,1
2760,0,0.642881,1
2761,1,0.72758853,1
2762,0,0.50201607,0
2763,1,0.72603726,1
2764,0,0.63635314,1
2765,0,0.64523166,1
2766,0,0.69233006,1
2767,0,0.50010806,0
2768,0,0.5281684,0
2769,0,0.5106414,0
2770,0,0.5003841,0
2771,0,0.5001187,0
2772,0,0.51322633,0
2773,1,0.73028994,1
2774,0,0.7166154,1
2775,0,0.50646555,0
2776,0,0.64478445,1
2777,0,0.72671664,1
2778,0,0.5043105,0
2779,0,0.5003364,0
2780,0,0.5012598,0
2781,0,0.7296161,1
2782,0,0.50000775,0
2783,0,0.52836615,0
2784,0,0.7297124,1
2785,0,0.5004988,0
2786,0,0.5001972,0
2787,0,0.5245926,0
2788,0,0.5000334,0
2789,0,0.5015545,0
2790,0,0.5098864,0
2791,0,0.7308665,1
2792,0,0.7092205,1
2793,0,0.5012026,0
2794,1,0.72301626,1
2795,0,0.6761924,1
2796,0,0.5016098,0
2797,0,0.5000193,0
2798,0,0.5005522,0
2799,0,0.50153637,0
2800,0,0.5000623,0
2801,0,0.61624324,0
2802,0,0.7300975,1
2803,0,0.50011146,0
2804,0,0.54970104,0
2805,0,0.6770471,1
2806,0,0.5000304,0
2807,0,0.5003352,0
2808,0,0.5040855,0
2809,0,0.5563694,0
2810,0,0.50157833,0
2811,0,0.50034714,0
2812,0,0.5000299,0
2813,0,0.5001559,0
2814,0,0.5000224,0
2815,0,0.5516643,0
2816,0,0.50135136,0
2817,0,0.500278,0
2818,1,0.7276853,1
2819,0,0.5000252,0
2820,0,0.5063168,0
2821,1,0.7300013,1
2822,0,0.5068813,0
2823,0,0.5003979,0
2824,0,0.5000717,0
2825,0,0.69191384,1
2826,0,0.5001795,0
2827,1,0.7047701,1
2828,0,0.55278116,0
2829,0,0.7177049,1
2830,0,0.6581979,1
2831,0,0.5000595,0
2832,0,0.51322633,0
2833,0,0.6709318,1
2834,0,0.7298087,1
2835,0,0.5021038,0
2836,1,0.72865176,1
2837,0,0.72894126,1
2838,0,0.6727618,1
2839,0,0.50007117,0
2840,0,0.5024357,0
2841,0,0.6654106,1
2842,0,0.5023804,0
2843,0,0.6694208,1
2844,0,0.6907677,1
2845,0,0.69945973,1
2846,0,0.6027048,0
2847,0,0.5007086,0
2848,0,0.5000358,0
2849,0,0.5163973,0
2850,0,0.5033569,0
2851,0,0.5001371,0
2852,0,0.6822562,1
2853,0,0.5001489,0
2854,0,0.50586677,0
2855,0,0.5014496,0
2856,0,0.66508436,1
2857,0,0.6087685,0
2858,0,0.5033836,0
2859,0,0.5002066,0
2860,0,0.50072527,0
2861,0,0.71977776,1
2862,0,0.5008025,0
2863,0,0.5075525,0
2864,0,0.52331376,0
2865,0,0.50955844,0
2866,0,0.500793,0
2867,0,0.5008216,0
2868,0,0.5105194,0
2869,0,0.5285638,0
2870,0,0.5455581,0
2871,0,0.500214,0
2872,0,0.7300975,1
2873,0,0.5000595,0
2874,0,0.5551639,0
2875,1,0.729327,1
2876,0,0.5012951,0
2877,0,0.50026107,0
2878,0,0.7296161,1
2879,0,0.5273013,0
2880,0,0.5000679,0
2881,0,0.5024357,0
2882,0,0.5000347,0
2883,0,0.50878817,0
2884,0,0.5031318,0
2885,0,0.50618714,0
2886,0,0.51515496,0
2887,1,0.71582144,1
2888,0,0.5001068,0
2889,0,0.5001881,0
2890,0,0.66486675,1
2891,0,0.603815,0
2892,0,0.7053793,1
2893,0,0.5064503,0
2894,0,0.5009303,0
2895,0,0.5047453,0
2896,1,0.5010786,0
2897,1,0.729327,1
2898,0,0.72671664,1
2899,0,0.51042026,0
2900,0,0.72749174,1
2901,0,0.5032062,0
2902,0,0.6317079,1
2903,0,0.5017195,0
2904,0,0.5057332,0
2905,0,0.5390439,0
2906,0,0.5042113,0
2907,0,0.5083839,0
2908,0,0.6302299,1
2909,0,0.5000336,0
2910,0,0.72700745,1
2911,0,0.5000124,0
2912,0,0.524623,0
2913,0,0.57642275,0
2914,0,0.50013924,0
2915,0,0.5014267,0
2916,0,0.64400125,1
2917,0,0.50136185,0
2918,0,0.6623598,1
2919,0,0.5014105,0
2920,0,0.7073036,1
2921,0,0.5000016,0
2922,1,0.7159208,1
2923,0,0.6843695,1
2924,0,0.6562178,1
2925,1,0.702938,1
2926,0,0.6005984,0
2927,0,0.52930903,0
2928,0,0.5001102,0
2929,0,0.5456489,0
2930,0,0.5001693,0
2931,0,0.7306744,1
2932,0,0.53324556,0
2933,0,0.5212275,0
2934,0,0.717507,1
2935,0,0.5274991,0
2936,0,0.65742844,1
2937,0,0.5137447,0
2938,0,0.5173728,0
2939,0,0.68236214,1
2940,0,0.5616356,0
2941,0,0.594669,0
2942,0,0.65235215,1
2943,0,0.5002074,0
2944,0,0.50009066,0
2945,0,0.5004761,0
2946,0,0.7060891,1
2947,0,0.50032616,0
2948,0,0.6257812,1
2949,0,0.5822535,0
2950,1,0.7304822,1
2951,0,0.50118923,0
2952,0,0.7200731,1
2953,0,0.5720057,0
2954,0,0.5147967,0
2955,0,0.6772606,1
2956,0,0.5028,0
2957,0,0.50013137,0
2958,0,0.5026741,0
2959,0,0.5043601,0
2960,0,0.50006133,0
2961,0,0.5001298,0
2962,1,0.72301626,1
2963,0,0.5062329,0
2964,0,0.50021815,0
2965,0,0.5097034,0
2966,0,0.7304822,1
2967,0,0.50000393,0
2968,0,0.7300975,1
2969,0,0.68130285,1
2970,1,0.72845864,1
2971,0,0.5026531,0
2972,0,0.50030875,0
2973,0,0.5073275,0
2974,0,0.5088873,0
2975,0,0.63973606,1
2976,0,0.5000311,0
2977,0,0.5033569,0
2978,0,0.51996315,0
2979,0,0.5000292,0
2980,0,0.5001229,0
2981,1,0.7287483,1
2982,0,0.7277821,1
2983,0,0.72787875,1
2984,0,0.7227227,1
2985,0,0.7013041,1
2986,0,0.717408,1
2987,0,0.728362,1
2988,0,0.5013256,0
2989,0,0.5861676,0
2990,0,0.50146675,0
2991,1,0.72496766,1
2992,0,0.50071955,0
2993,0,0.50025105,0
2994,0,0.6664968,1
2995,0,0.50224686,0
2996,0,0.53040373,0
2997,0,0.5005026,0
2998,0,0.50005674,0
2999,0,0.71701187,1
3000,0,0.71273226,1
3001,1,0.5677569,0
3002,0,0.55314326,0
3003,0,0.5000166,0
3004,0,0.50036955,0
3005,0,0.5234508,0
3006,0,0.50019336,0
3007,0,0.71721,1
3008,0,0.5000928,0
3009,0,0.5015478,0
3010,0,0.64857763,1
3011,0,0.51099986,0
3012,0,0.640411,1
3013,0,0.6822562,1
3014,0,0.6417592,1
3015,0,0.52609926,0
3016,0,0.50180817,0
3017,0,0.5010338,0
3018,0,0.7305783,1
3019,0,0.5017128,0
3020,0,0.5010624,0
3021,0,0.674265,1
3022,0,0.50080585,0
3023,1,0.5006256,0
3024,0,0.7300013,1
3025,0,0.50019944,0
3026,0,0.59060216,0
3027,1,0.72865176,1
3028,0,0.72865176,1
3029,0,0.50407016,0
3030,0,0.7130322,1
3031,1,0.6831025,1
3032,0,0.5008507,0
3033,0,0.6354487,1
3034,0,0.6917057,1
3035,0,0.6978149,1
3036,0,0.5111676,0
3037,0,0.50012636,0
3038,0,0.5010176,0
3039,0,0.66257817,1
3040,0,0.50001043,0
3041,0,0.5053099,0
3042,0,0.5628374,0
3043,1,0.7303861,1
3044,0,0.6534587,1
3045,0,0.50028014,0
3046,0,0.50014484,0
3047,0,0.56040305,0
3048,0,0.5030593,0
3049,0,0.5118081,0
3050,0,0.5017328,0
3051,0,0.500478,0
3052,0,0.50017405,0
3053,1,0.5485526,0
3054,0,0.52623624,0
3055,0,0.50560355,0
3056,0,0.5009489,0
3057,0,0.5017872,0
3058,0,0.69966495,1
3059,0,0.5002396,0
3060,0,0.52471435,0
3061,0,0.50002855,0
3062,1,0.7298087,1
3063,0,0.6771539,1
3064,0,0.500106,0
3065,0,0.6573185,1
3066,0,0.50038123,0
3067,0,0.55772483,0
3068,0,0.63973606,1
3069,0,0.5025425,0
3070,0,0.500252,0
3071,0,0.5008025,0
3072,0,0.664758,1
3073,0,0.50124073,0
3074,0,0.6302299,1
3075,0,0.6020031,0
3076,0,0.50022423,0
3077,0,0.5100923,0
3078,0,0.5000339,0
3079,0,0.50016665,0
3080,1,0.7026321,1
3081,0,0.5003326,0
3082,0,0.5195518,0
3083,0,0.5033054,0
3084,0,0.5000331,0
3085,0,0.72990495,1
3086,0,0.5000156,0
3087,0,0.5000572,0
3088,0,0.68647516,1
3089,0,0.5012655,0
3090,0,0.5006633,0
3091,0,0.5251558,0
3092,0,0.7105279,1
3093,0,0.52632755,0
3094,0,0.5000058,0
3095,0,0.50041366,0
3096,0,0.506271,0
3097,0,0.72758853,1
3098,1,0.72758853,1
3099,0,0.5119225,0
3100,0,0.5000098,0
3101,0,0.725065,1
3102,0,0.5033702,0
3103,0,0.53309363,0
3104,0,0.6238353,1
3105,0,0.5001795,0
3106,0,0.6635599,1
3107,0,0.5033435,0
3108,0,0.50012636,0
3109,0,0.50146675,0
3110,0,0.6417592,1
3111,0,0.5268297,0
3112,0,0.72603726,1
3113,0,0.5995438,0
3114,0,0.729327,1
3115,0,0.72496766,1
3116,0,0.5000067,0
3117,0,0.5014162,0
3118,0,0.5000279,0
3119,0,0.50030875,0
3120,0,0.50545484,0
3121,0,0.63250273,1
3122,0,0.51230377,0
3123,0,0.6798167,1
3124,0,0.66432256,1
3125,0,0.5387709,0
3126,1,0.6055075,0
3127,0,0.6872103,1
3128,0,0.6859495,1
3129,0,0.50118446,0
3130,0,0.5076555,0
3131,0,0.7050748,1
3132,0,0.50651515,0
3133,1,0.73077047,1
3134,0,0.5003197,0
3135,0,0.6978149,1
3136,0,0.7282654,1
3137,0,0.50009614,0
3138,0,0.5001178,0
3139,0,0.5004988,0
3140,1,0.72115445,1
3141,0,0.5000939,0
3142,0,0.524623,0
3143,0,0.72710437,1
3144,0,0.7298087,1
3145,0,0.50507337,0
3146,0,0.5225068,0
3147,0,0.7303861,1
3148,0,0.59995395,0
3149,0,0.5109388,0
3150,0,0.5001229,0
3151,0,0.65201986,1
3152,0,0.5000903,0
3153,0,0.50020576,0
3154,0,0.5015068,0
3155,0,0.5185767,0
3156,0,0.5001948,0
3157,0,0.5178605,0
3158,0,0.51845473,0
3159,1,0.5193385,0
3160,0,0.51194537,0
3161,0,0.5026016,0
3162,0,0.50578666,0
3163,0,0.5036964,0
3164,0,0.68215036,1
3165,0,0.66551924,1
3166,0,0.73028994,1
3167,0,0.50049686,0
3168,0,0.5000334,0
3169,0,0.50007516,0
3170,1,0.5788053,0
3171,0,0.5365861,0
3172,0,0.50410074,0
3173,0,0.6997676,1
3174,0,0.500015,0
3175,0,0.50005585,0
3176,0,0.50621,0
3177,0,0.59343255,0
3178,0,0.64712954,1
3179,1,0.7303861,1
3180,0,0.501091,0
3181,0,0.5061985,0
3182,0,0.72691053,1
3183,0,0.50004524,0
3184,0,0.5010338,0
3185,0,0.7255514,1
3186,0,0.50003964,0
3187,0,0.50207895,0
3188,0,0.51276886,0
3189,0,0.5029792,0
3190,1,0.5771379,0
3191,1,0.50000083,0
3192,1,0.7280721,1
3193,0,0.5030593,0
3194,0,0.53640395,0
3195,0,0.503826,0
3196,0,0.7291342,1
3197,0,0.72154707,1
3198,0,0.50533277,0
3199,0,0.500134,0
3200,0,0.69368047,1
3201,0,0.5002018,0
3202,0,0.7156228,1
3203,0,0.71701187,1
3204,0,0.5029449,0
3205,0,0.7188905,1
3206,0,0.50028014,0
3207,0,0.70181525,1
3208,0,0.7079098,1
3209,0,0.5092229,0
3210,0,0.7242856,1
3211,0,0.50042677,0
3212,0,0.5002835,0
3213,0,0.5002601,0
3214,0,0.50983304,0
3215,0,0.7216451,1
3216,0,0.64880025,1
3217,0,0.5531734,0
3218,0,0.66617113,1
3219,0,0.50187206,0
3220,0,0.7234072,1
3221,1,0.7309625,1
3222,0,0.6796041,1
3223,0,0.6721165,1
3224,0,0.5010061,0
3225,0,0.7305783,1
3226,0,0.716417,1
3227,0,0.5000118,0
3228,1,0.7291342,1
3229,0,0.7272981,1
3230,0,0.70851517,1
3231,0,0.5004437,0
3232,0,0.5018511,0
3233,0,0.7304822,1
3234,0,0.50058985,0
3235,0,0.5037822,0
3236,0,0.68899184,1
3237,0,0.500535,0
3238,0,0.5035972,0
3239,0,0.70871687,1
3240,0,0.5050848,0
3241,0,0.5384675,0
3242,0,0.65013415,1
3243,0,0.71651626,1
3244,0,0.7156228,1
3245,0,0.5029792,0
3246,0,0.5069347,0
3247,0,0.50368303,0
3248,0,0.5003288,0
3249,0,0.53108776,0
3250,0,0.7288448,1
3251,0,0.51507115,0
3252,0,0.73077047,1
3253,0,0.5001987,0
3254,0,0.5000794,0
3255,0,0.50731224,0
3256,0,0.5101152,0
3257,0,0.5270274,0
3258,0,0.6635599,1
3259,0,0.5047911,0
3260,1,0.67168593,1
3261,0,0.5063321,0
3262,0,0.50017536,0
3263,0,0.50000113,0
3264,0,0.50811696,0
3265,0,0.5343695,0
3266,0,0.7189892,1
3267,0,0.5008607,0
3268,1,0.72076154,1
3269,1,0.7272981,1
3270,0,0.5010786,0
3271,0,0.5091924,0
3272,0,0.50074816,0
3273,0,0.5002768,0
3274,0,0.5875882,0
3275,0,0.5005808,0
3276,0,0.729327,1
3277,0,0.60859406,0
3278,0,0.5017805,0
3279,0,0.72115445,1
3280,0,0.6374823,1
3281,0,0.5001817,0
3282,0,0.58082765,0
3283,0,0.55504334,0
3284,0,0.5386192,0
3285,0,0.7244806,1
3286,0,0.50117016,0
3287,0,0.5645187,0
3288,0,0.509528,0
3289,0,0.62738067,1
3290,0,0.624179,1
3291,0,0.7305783,1
3292,0,0.7288448,1
3293,0,0.5073847,0
3294,1,0.7303861,1
3295,0,0.7194822,1
3296,0,0.50769746,0
3297,0,0.7058864,1
3298,0,0.73077047,1
3299,0,0.5372538,0
3300,0,0.52145594,0
3301,0,0.50319284,0
3302,0,0.7071014,1
3303,0,0.5955514,0
3304,0,0.50016093,0
3305,0,0.50249285,0
3306,0,0.5195518,0
3307,0,0.50442874,0
3308,0,0.5019607,0
3309,0,0.5026226,0
3310,1,0.72894126,1
3311,0,0.50764024,0
3312,1,0.72903776,1
3313,0,0.50018454,0
3314,0,0.6568784,1
3315,0,0.5004437,0
3316,0,0.7292306,1
3317,0,0.52048105,0
3318,0,0.5012951,0
3319,1,0.72661966,1
3320,0,0.66551924,1
3321,0,0.6311397,1
3322,0,0.5005169,0
3323,0,0.7272012,1
3324,0,0.50008386,0
3325,0,0.5075525,0
3326,0,0.5733799,0
3327,0,0.50016606,0
3328,0,0.6702846,1
3329,0,0.5072322,0
3330,0,0.5011349,0
3331,0,0.67319167,1
3332,0,0.7300975,1
3333,0,0.7216451,1
3334,0,0.50014424,0
3335,0,0.50567985,0
3336,0,0.5000177,0
3337,0,0.5001164,0
3338,0,0.5599519,0
3339,0,0.5000127,0
3340,0,0.5006814,0
3341,0,0.53643435,0
3342,0,0.5009341,0
3343,1,0.507583,0
3344,0,0.6728693,1
3345,0,0.7252596,1
3346,0,0.7177049,1
3347,0,0.72710437,1
3348,0,0.5000467,0
3349,0,0.5009489,0
3350,0,0.60754675,0
3351,0,0.50008583,0
3352,0,0.60264635,0
3353,0,0.7305783,1
3354,0,0.50027466,0
3355,0,0.5080559,0
3356,0,0.7111301,1
3357,0,0.71253234,1
3358,0,0.50224686,0
3359,0,0.70992494,1
3360,0,0.5000039,0
3361,0,0.5000047,0
3362,0,0.6771539,1
3363,0,0.7291342,1
3364,0,0.5000148,0
3365,0,0.50028443,0
3366,0,0.50064754,0
3367,0,0.7159208,1
3368,0,0.54607254,0
3369,0,0.5776741,0
3370,0,0.50127983,0
3371,0,0.5119225,0
3372,0,0.50097513,0
3373,0,0.5519059,0
3374,0,0.500024,0
3375,0,0.7264256,1
3376,1,0.72193927,1
3377,0,0.7304822,1
3378,0,0.6945099,1
3379,0,0.5787458,0
3380,0,0.50032234,0
3381,0,0.5013256,0
3382,0,0.717507,1
3383,0,0.5042304,0
3384,0,0.51636684,0
3385,0,0.5036544,0
3386,0,0.61618555,0
3387,0,0.50527173,0
3388,0,0.7300975,1
3389,0,0.5075106,0
3390,0,0.6827853,1
3391,0,0.5093983,0
3392,0,0.5003028,0
3393,0,0.50063276,0
3394,0,0.50002444,0
3395,0,0.5001278,0
3396,0,0.5008707,0
3397,0,0.7303861,1
3398,0,0.53776973,0
3399,0,0.50038266,0
3400,0,0.7237978,1
3401,0,0.5000179,0
3402,0,0.5004153,0
3403,0,0.6327297,1
3404,0,0.5002123,0
3405,0,0.67200893,1
3406,0,0.50016475,0
3407,0,0.70720255,1
3408,0,0.50041366,0
3409,0,0.5000102,0
3410,0,0.5000668,0
3411,0,0.57403666,0
3412,0,0.5121436,0
3413,0,0.7244806,1
3414,0,0.50066566,0
3415,0,0.5917232,0
3416,0,0.6071392,0
3417,0,0.71611935,1
3418,0,0.50076294,0
3419,0,0.5010414,0
3420,0,0.513394,0
3421,0,0.5006256,0
3422,0,0.5074114,0
3423,0,0.5646987,0
3424,0,0.5019913,0
3425,0,0.50001514,0
3426,1,0.5327594,0
3427,0,0.5025234,0
3428,0,0.50005287,0
3429,0,0.50628245,0
3430,0,0.5019388,0
3431,0,0.7218412,1
3432,0,0.5000865,0
3433,0,0.50046325,0
3434,0,0.5033569,0
3435,1,0.7288448,1
3436,0,0.7301937,1
3437,0,0.50083447,0
3438,1,0.7242856,1
3439,0,0.72749174,1
3440,0,0.729327,1
3441,0,0.50501615,0
3442,0,0.5686554,0
3443,0,0.5004058,0
3444,0,0.5010748,0
3445,0,0.50300217,0
3446,0,0.5061528,0
3447,0,0.52137977,0
3448,0,0.50002766,0
3449,0,0.71839684,1
3450,0,0.5010061,0
3451,0,0.50219536,0
3452,0,0.50076294,0
3453,0,0.5004723,0
3454,0,0.7303861,1
3455,0,0.73077047,1
3456,0,0.5009341,0
3457,0,0.5048903,0
3458,0,0.7192851,1
3459,0,0.51308143,0
3460,0,0.5029106,0
3461,0,0.5804709,0
3462,0,0.50042677,0
3463,0,0.6281794,1
3464,0,0.5621164,0
3465,1,0.6949242,1
3466,0,0.5003886,0
3467,0,0.5000889,0
3468,0,0.71977776,1
3469,0,0.5074534,0
3470,0,0.67308426,1
3471,0,0.50460804,0
3472,0,0.5016155,0
3473,0,0.6074885,0
3474,0,0.50093746,0
3475,0,0.5006528,0
3476,0,0.67640615,1
3477,0,0.5147205,0
3478,0,0.5008216,0
3479,0,0.5018654,0
3480,0,0.502779,0
3481,0,0.50234413,0
3482,0,0.6772606,1
3483,0,0.50004023,0
3484,0,0.5110456,0
3485,1,0.6970936,1
3486,0,0.5011797,0
3487,0,0.68098474,1
3488,0,0.50432575,0
3489,0,0.64790964,1
3490,0,0.6076632,0
3491,0,0.65665823,1
3492,0,0.69699055,1
3493,0,0.500059,0
3494,0,0.50003016,0
3495,0,0.6646491,1
3496,0,0.7305783,1
3497,0,0.5000283,0
3498,0,0.5001596,0
3499,0,0.50211143,0
3500,0,0.5051802,0
3501,0,0.66909647,1
3502,0,0.50129986,0
3503,0,0.5029335,0
3504,0,0.50211143,0
3505,1,0.7193836,1
3506,0,0.6202767,0
3507,0,0.5000231,0
3508,0,0.7226249,1
3509,0,0.50002223,0
3510,0,0.5000628,0
3511,0,0.50039625,0
3512,0,0.52623624,0
3513,0,0.50002056,0
3514,0,0.54037815,0
3515,0,0.50000346,0
3516,0,0.5637383,0
3517,0,0.68510735,1
3518,0,0.50001246,0
3519,0,0.5066143,0
3520,0,0.50025916,0
3521,0,0.54140884,0
3522,0,0.51580286,0
3523,1,0.72749174,1
3524,0,0.500011,0
3525,0,0.5009198,0
3526,0,0.500505,0
3527,0,0.50134087,0
3528,0,0.6172243,0
3529,0,0.501585,0
3530,0,0.52476,0
3531,0,0.5415604,0
3532,0,0.5001948,0
3533,0,0.5000679,0
3534,0,0.5054129,0
3535,0,0.54607254,0
3536,0,0.50013876,0
3537,0,0.72710437,1
3538,0,0.70548075,1
3539,0,0.5714677,0
3540,0,0.5375573,0
3541,0,0.5003526,0
3542,0,0.5000679,0
3543,0,0.61068565,0
3544,0,0.5201155,0
3545,0,0.5113125,0
3546,0,0.7236025,1
3547,0,0.5028667,0
3548,0,0.53603965,0
3549,0,0.73077047,1
3550,0,0.7047701,1
3551,1,0.6522414,1
3552,0,0.5005226,0
3553,0,0.5181805,0
3554,0,0.72193927,1
3555,0,0.7234072,1
3556,0,0.7285552,1
3557,0,0.58622676,0
3558,0,0.7204666,1
3559,0,0.70365125,1
3560,0,0.7052778,1
3561,0,0.6659539,1
3562,0,0.5000092,0
3563,0,0.52450126,0
3564,0,0.68920106,1
3565,0,0.6962682,1
3566,0,0.72865176,1
3567,0,0.583144,0
3568,0,0.70568365,1
3569,1,0.7295198,1
3570,0,0.50281143,0
3571,0,0.5253688,0
3572,0,0.56511873,0
3573,0,0.5818378,0
3574,0,0.50514966,0
3575,0,0.500214,0
3576,0,0.6247515,1
3577,0,0.64500815,1
3578,0,0.50002295,0
3579,1,0.5697928,0
3580,1,0.7244806,1
3581,0,0.5000041,0
3582,0,0.5980775,0
3583,0,0.5016155,0
3584,0,0.50024056,0
3585,0,0.500478,0
3586,0,0.5379214,0
3587,0,0.5680564,0
3588,0,0.71273226,1
3589,0,0.5017872,0
3590,0,0.50024915,0
3591,0,0.51612294,0
3592,0,0.502573,0
3593,0,0.5230397,0
3594,0,0.50983304,0
3595,0,0.5005765,0
3596,0,0.72865176,1
3597,0,0.5005269,0
3598,0,0.5036678,0
3599,0,0.51036686,0
3600,0,0.50090885,0
3601,0,0.5011978,0
3602,0,0.50258255,0
3603,0,0.7272981,1
3604,0,0.5074267,0
3605,0,0.7027341,1
3606,0,0.500098,0
3607,0,0.5012026,0
3608,0,0.6163587,0
3609,0,0.50487506,0
3610,0,0.5013571,0
3611,0,0.7306744,1
3612,0,0.50004184,0
3613,0,0.50042176,0
3614,0,0.5053022,0
3615,0,0.5003979,0
3616,0,0.5165802,0
3617,0,0.50368303,0
3618,0,0.502592,0
3619,0,0.5010662,0
3620,0,0.6408606,1
3621,0,0.5012455,0
3622,1,0.72990495,1
3623,0,0.7298087,1
3624,0,0.50586677,0
3625,0,0.50314325,0
3626,0,0.501585,0
3627,0,0.5004072,0
3628,0,0.5003352,0
3629,0,0.5005312,0
3630,0,0.70639306,1
3631,0,0.5015726,0
3632,0,0.50041366,0
3633,0,0.7301937,1
3634,0,0.624866,1
3635,0,0.5002314,0
3636,0,0.61555016,0
3637,0,0.50352854,0
3638,0,0.502552,0
3639,0,0.5001925,0
3640,0,0.50198364,0
3641,0,0.5089865,0
3642,0,0.5002148,0
3643,0,0.72787875,1
3644,0,0.7191864,1
3645,0,0.50136757,0
3646,0,0.50127506,0
3647,0,0.5265101,0
3648,0,0.64052343,1
3649,0,0.5603128,0
3650,0,0.5032062,0
3651,0,0.5036544,0
3652,0,0.5001064,0
3653,0,0.5298412,0
3654,0,0.6886778,1
3655,0,0.6762993,1
3656,0,0.50355715,0
3657,0,0.5029678,0
3658,0,0.50231737,0
3659,0,0.7019174,1
3660,0,0.5001106,0
3661,0,0.50008255,0
3662,0,0.5000219,0
3663,0,0.5005331,0
3664,0,0.7264256,1
3665,0,0.5000339,0
3666,0,0.5056455,0
3667,1,0.55649,0
3668,0,0.50014997,0
3669,0,0.5034618,0
3670,0,0.50352854,0
3671,0,0.5189271,0
3672,0,0.72894126,1
3673,0,0.50069475,0
3674,0,0.5120064,0
3675,0,0.7304822,1
3676,0,0.616705,0
3677,0,0.6948206,1
3678,0,0.50253296,0
3679,0,0.6724393,1
3680,0,0.50172615,0
3681,0,0.50242805,0
3682,0,0.5134474,0
3683,0,0.5009413,0
3684,0,0.5000136,0
3685,0,0.5002018,0
3686,0,0.71839684,1
3687,0,0.67017674,1
3688,0,0.50025296,0
3689,0,0.50390047,0
3690,0,0.505943,0
3691,0,0.5000695,0
3692,0,0.73028994,1
3693,0,0.5004437,0
3694,0,0.7306744,1
3695,0,0.50249285,0
3696,0,0.50008124,0
3697,0,0.5015726,0
3698,0,0.636805,1
3699,0,0.50241846,0
3700,0,0.7019174,1
3701,0,0.5008216,0
3702,0,0.50012887,0
3703,0,0.5000378,0
3704,0,0.50590104,0
3705,0,0.50095606,0
3706,0,0.7084144,1
3707,0,0.65013415,1
3708,0,0.5093831,0
3709,0,0.72700745,1
3710,0,0.7308665,1
3711,0,0.5380428,0
3712,0,0.5376483,0
3713,0,0.72036827,1
3714,1,0.7300975,1
3715,0,0.7003827,1
3716,0,0.692122,1
3717,0,0.7097238,1
3718,0,0.5015478,0
3719,0,0.5003681,0
3720,0,0.5005698,0
3721,0,0.73077047,1
3722,0,0.51577234,0
3723,0,0.5009413,0
3724,0,0.6105696,0
3725,0,0.50007457,0
3726,0,0.6826795,1
3727,0,0.7301937,1
3728,0,0.5001596,0
3729,0,0.5103287,0
3730,0,0.725843,1
3731,0,0.5005741,0
3732,0,0.5016031,0
3733,0,0.50083447,0
3734,0,0.65445316,1
3735,0,0.662469,1
3736,0,0.725065,1
3737,0,0.5056989,0
3738,0,0.50002366,0
3739,0,0.5177995,0
3740,0,0.57439476,0
3741,0,0.50031495,0
3742,0,0.5252927,0
3743,0,0.50006896,0
3744,0,0.5005288,0
3745,1,0.6991517,1
3746,1,0.65522575,1
3747,0,0.50753725,0
3748,0,0.7305783,1
3749,0,0.5017061,0
3750,0,0.7068991,1
3751,0,0.5012264,0
3752,0,0.5002322,0
3753,0,0.5001596,0
3754,1,0.7279754,1
3755,0,0.50207895,0
3756,0,0.67939144,1
3757,1,0.7300975,1
3758,0,0.5289592,0
3759,0,0.50005287,0
3760,0,0.5009341,0
3761,0,0.5412573,0
3762,0,0.7282654,1
3763,0,0.5708697,0
3764,0,0.52965873,0
3765,0,0.5291113,0
3766,1,0.7181993,1
3767,0,0.50010514,0
3768,0,0.6866853,1
3769,0,0.530571,0
3770,0,0.7295198,1
3771,0,0.50552726,0
3772,0,0.50686985,0
3773,0,0.5000882,0
3774,0,0.72990495,1
3775,0,0.7304822,1
3776,0,0.53446066,0
3777,0,0.5000309,0
3778,0,0.7242856,1
3779,0,0.70821255,1
3780,0,0.5061985,0
3781,0,0.708616,1
3782,0,0.72535694,1
3783,0,0.5709893,0
3784,0,0.5017805,0
3785,0,0.5026531,0
3786,0,0.72671664,1
3787,0,0.5037975,0
3788,0,0.50058746,0
3789,0,0.5000406,0
3790,0,0.6807725,1
3791,0,0.5126011,0
3792,0,0.62623847,1
3793,0,0.6598436,1
3794,1,0.60515755,0
3795,0,0.5578754,0
3796,0,0.5055616,0
3797,0,0.7296161,1
3798,0,0.5000252,0
3799,0,0.5000435,0
3800,0,0.7306744,1
3801,0,0.5007777,0
3802,0,0.50209427,0
3803,0,0.71701187,1
3804,0,0.5782696,0
3805,0,0.63091236,1
3806,0,0.5833814,0
3807,1,0.7301937,1
3808,0,0.501894,0
3809,0,0.50643885,0
3810,0,0.5001596,0
3811,0,0.5002694,0
3812,0,0.53114855,0
3813,0,0.5053938,0
3814,0,0.71042746,1
3815,0,0.5064999,0
3816,0,0.71849567,1
3817,0,0.5002682,0
3818,0,0.5013361,0
3819,0,0.7129322,1
3820,0,0.50001436,0
3821,1,0.6212537,0
3822,0,0.72865176,1
3823,1,0.72739494,1
3824,0,0.50014365,0
3825,0,0.7162186,1
3826,0,0.500007,0
3827,0,0.5004041,0
3828,0,0.6274948,1
3829,1,0.6268098,1
3830,0,0.5840933,0
3831,1,0.717408,1
3832,0,0.72990495,1
3833,0,0.7004852,1
3834,0,0.5001201,0
3835,0,0.5000478,0
3836,1,0.7303861,1
3837,0,0.5049284,0
3838,0,0.60807055,0
3839,0,0.5002377,0
3840,0,0.5052298,0
3841,0,0.51854616,0
3842,0,0.5178605,0
3843,0,0.7308665,1
3844,0,0.64400125,1
3845,0,0.7216451,1
3846,0,0.50029016,0
3847,0,0.7288448,1
3848,0,0.5019016,0
3849,0,0.661595,1
3850,0,0.50041056,0
3851,0,0.70992494,1
3852,0,0.50146675,0
3853,0,0.65279496,1
3854,0,0.6687721,1
3855,1,0.7163179,1
3856,1,0.5071368,0
3857,1,0.7232117,1
3858,0,0.7276853,1
3859,0,0.6493563,1
3860,0,0.50185776,0
3861,0,0.72787875,1
3862,0,0.63770795,1
3863,0,0.5017328,0
3864,0,0.55241895,0
3865,0,0.71353143,1
3866,0,0.70181525,1
3867,0,0.5077279,0
3868,0,0.500134,0
3869,1,0.72990495,1
3870,1,0.7305783,1
3871,0,0.50080585,0
3872,0,0.7236025,1
3873,0,0.72787875,1
3874,0,0.6635599,1
3875,0,0.5302517,0
3876,0,0.5027256,0
3877,0,0.5016155,0
3878,0,0.5000412,0
3879,0,0.7043636,1
3880,0,0.5021038,0
3881,0,0.50791866,0
3882,0,0.50029135,0
3883,0,0.5412573,0
3884,0,0.5002216,0
3885,0,0.73077047,1
3886,0,0.56505877,0
3887,0,0.5467079,0
3888,0,0.50066566,0
3889,0,0.7142296,1
3890,0,0.5001459,0
3891,0,0.5060002,0
3892,0,0.50024724,0
3893,0,0.71582144,1
3894,0,0.7177049,1
3895,0,0.5015974,0
3896,0,0.50027466,0
3897,0,0.5015478,0
3898,0,0.5013571,0
3899,0,0.500525,0
3900,0,0.50004524,0
3901,0,0.5001817,0
3902,0,0.72758853,1
3903,0,0.57666117,0
3904,0,0.7291342,1
3905,0,0.67179364,1
3906,0,0.68773484,1
3907,0,0.5311942,0
3908,0,0.5002359,0
3909,0,0.729327,1
3910,0,0.5007138,0
3911,0,0.500257,0
3912,0,0.5000196,0
3913,0,0.6712551,1
3914,0,0.5078729,0
3915,0,0.70365125,1
3916,0,0.5034885,0
3917,0,0.7272981,1
3918,0,0.53114855,0
3919,0,0.5000381,0
3920,0,0.6978149,1
3921,0,0.55549556,0
3922,0,0.54228765,0
3923,0,0.5066372,0
3924,0,0.5000097,0
3925,0,0.526008,0
3926,0,0.5081475,0
3927,0,0.7305783,1
3928,1,0.7294234,1
3929,0,0.7126323,1
3930,0,0.7292306,1
3931,0,0.5001706,0
3932,0,0.73077047,1
3933,0,0.7134316,1
3934,0,0.7287483,1
3935,0,0.7019174,1
3936,0,0.50136185,0
3937,0,0.7308665,1
3938,0,0.50064516,0
3939,0,0.54576993,0
3940,0,0.5010214,0
3941,0,0.72671664,1
3942,0,0.5016537,0
3943,0,0.50007695,0
3944,0,0.50481015,0
3945,0,0.5001409,0
3946,0,0.5083839,0
3947,0,0.50032234,0
3948,0,0.5007601,0
3949,0,0.50114346,0
3950,0,0.69637144,1
3951,0,0.50041366,0
3952,0,0.7304822,1
3953,0,0.54210585,0
3954,0,0.5053709,0
3955,1,0.5647587,0
3956,0,0.5012703,0
3957,0,0.5000219,0
3958,0,0.50014484,0
3959,0,0.50020266,0
3960,0,0.6819386,1
3961,0,0.5697928,0
3962,1,0.7240906,1
3963,0,0.72026986,1
3964,0,0.51036686,0
3965,0,0.50034857,0
3966,0,0.50256157,0
3967,0,0.6408606,1
3968,0,0.71552336,1
3969,0,0.7243831,1
3970,0,0.5000156,0
3971,0,0.70456684,1
3972,0,0.5021286,0
3973,0,0.572185,0
3974,0,0.5776741,0
3975,0,0.5109846,0
3976,0,0.50071144,0
3977,0,0.5000889,0
3978,0,0.50002295,0
3979,1,0.6686639,1
3980,0,0.72739494,1
3981,0,0.50038576,0
3982,0,0.50016737,0
3983,0,0.50557303,0
3984,1,0.7272012,1
3985,0,0.6738359,1
3986,0,0.5987229,0
3987,0,0.6727618,1
3988,0,0.5774358,0
3989,0,0.50022423,0
3990,0,0.5072322,0
3991,0,0.692226,1
3992,0,0.5000288,0
3993,0,0.53952914,0
3994,0,0.7308665,1
3995,0,0.5003512,0
3996,0,0.71790266,1
3997,0,0.50136185,0
3998,0,0.7217432,1
3999,0,0.5000914,0
4000,0,0.6633419,1
4001,0,0.5375573,0
4002,1,0.7287483,1
4003,0,0.5005717,0
4004,0,0.5010958,0
4005,1,0.71243227,1
4006,0,0.50865084,0
4007,0,0.5006156,0
4008,0,0.50166035,0
4009,0,0.50004184,0
4010,0,0.5000604,0
4011,0,0.50256157,0
4012,0,0.50211143,0
4013,0,0.53901356,0
4014,0,0.50027037,0
4015,0,0.66137636,1
4016,0,0.5004473,0
4017,0,0.7280721,1
4018,1,0.72990495,1
4019,0,0.5292026,0
4020,0,0.66268736,1
4021,0,0.5000056,0
4022,0,0.5019016,0
4023,0,0.7298087,1
4024,0,0.5014105,0
4025,0,0.5053632,0
4026,0,0.50816274,0
4027,0,0.5093297,0
4028,0,0.5007167,0
4029,0,0.714628,1
4030,0,0.7303861,1
4031,0,0.5179214,0
4032,0,0.5003841,0
4033,0,0.5000542,0
4034,0,0.50020576,0
4035,0,0.5010958,0
4036,0,0.5011616,0
4037,0,0.5000053,0
4038,0,0.7181993,1
4039,0,0.61225176,0
4040,0,0.7227227,1
4041,0,0.72894126,1
4042,0,0.50046873,0
4043,0,0.56637836,0
4044,0,0.5019388,0
4045,0,0.50008786,0
4046,0,0.50614136,0
4047,0,0.57385755,0
4048,0,0.5031566,0
4049,0,0.50129986,0
4050,0,0.50030637,0
4051,1,0.72671664,1
4052,0,0.5001173,0
4053,0,0.5005007,0
4054,0,0.50136757,0
4055,0,0.6349961,1
4056,0,0.50000054,0
4057,0,0.5005541,0
4058,0,0.50012386,0
4059,0,0.7251623,1
4060,0,0.7306744,1
4061,1,0.69678426,1
4062,0,0.5026417,0
4063,0,0.5000517,0
4064,0,0.5441959,0
4065,0,0.5273013,0
4066,0,0.65577704,1
4067,0,0.50060844,0
4068,0,0.50045776,0
4069,0,0.72903776,1
4070,0,0.50017667,0
4071,0,0.72845864,1
4072,0,0.6481324,1
4073,0,0.6964747,1
4074,1,0.7077078,1
4075,0,0.69233006,1
4076,0,0.5002165,0
4077,0,0.50017405,0
4078,0,0.5000336,0
4079,0,0.5000007,0
4080,0,0.62337685,1
4081,0,0.6753365,1
4082,0,0.53148293,0
4083,0,0.6167627,0
4084,0,0.71092945,1
4085,0,0.5003624,0
4086,0,0.5000384,0
4087,0,0.5015602,0
4088,0,0.5297652,0
4089,1,0.70831347,1
4090,0,0.58575296,0
4091,0,0.500262,0
4092,0,0.50002766,0
4093,0,0.50086737,0
4094,1,0.67779404,1
4095,0,0.7222333,1
4096,0,0.6371437,1
4097,0,0.50014424,0
4098,1,0.6950276,1
4099,0,0.72671664,1
4100,0,0.5014553,0
4101,0,0.5061757,0
4102,0,0.5000845,0
4103,0,0.71780384,1
4104,0,0.50000155,0
4105,1,0.7243831,1
4106,0,0.5000201,0
4107,0,0.5047263,0
4108,0,0.5002377,0
4109,0,0.7276853,1
4110,0,0.50358385,0
4111,0,0.50000197,0
4112,0,0.5000179,0
4113,0,0.50002223,0
4114,0,0.50020266,0
4115,0,0.5002811,0
4116,0,0.72903776,1
4117,0,0.5083839,0
4118,0,0.6071392,0
4119,0,0.50002617,0
4120,0,0.50095606,0
4121,0,0.73077047,1
4122,0,0.5000283,0
4123,0,0.7300975,1
4124,0,0.7112304,1
4125,0,0.500136,0
4126,0,0.5001615,0
4127,0,0.5031566,0
4128,0,0.5002296,0
4129,1,0.6349961,1
4130,0,0.6396235,1
4131,0,0.7073036,1
4132,0,0.5485828,0
4133,0,0.50015354,0
4134,0,0.5002601,0
4135,0,0.7296161,1
4136,0,0.5622366,0
4137,0,0.50017405,0
4138,0,0.729327,1
4139,0,0.6951311,1
4140,0,0.5396201,0
4141,0,0.7052778,1
4142,0,0.7282654,1
4143,0,0.73077047,1
4144,0,0.50008124,0
4145,0,0.7199747,1
4146,0,0.5063893,0
4147,0,0.5016413,0
4148,0,0.50110435,0
4149,0,0.52340513,0
4150,0,0.5196127,0
4151,0,0.73077047,1
4152,0,0.5001972,0
4153,0,0.5346733,0
4154,0,0.50350183,0
4155,0,0.6152612,0
4156,0,0.63431686,1
4157,0,0.71701187,1
4158,0,0.7264256,1
4159,0,0.70140636,1
4160,1,0.7232117,1
4161,0,0.54183316,0
4162,0,0.7089184,1
4163,0,0.72990495,1
4164,0,0.51194537,0
4165,0,0.5002278,0
4166,1,0.7194822,1
4167,0,0.6280653,1
4168,0,0.7282654,1
4169,0,0.50802547,0
4170,0,0.5001205,0
4171,0,0.65168744,1
4172,0,0.5563393,0
4173,0,0.6827853,1
4174,0,0.5000572,0
4175,0,0.7242856,1
4176,0,0.5000179,0
4177,1,0.72758853,1
4178,0,0.7292306,1
4179,0,0.72739494,1
4180,0,0.5195061,0
4181,0,0.7300975,1
4182,0,0.5000618,0
4183,0,0.50031114,0
4184,0,0.50018525,0
4185,0,0.50007117,0
4186,0,0.500793,0
4187,0,0.5001972,0
4188,0,0.50002617,0
4189,0,0.6096404,0
4190,0,0.722527,1
4191,1,0.508689,0
4192,0,0.51042026,0
4193,0,0.5150482,0
4194,0,0.5426815,0
4195,0,0.7222333,1
4196,0,0.5807682,0
4197,0,0.5000068,0
4198,1,0.714628,1
4199,0,0.7150262,1
4200,0,0.5025234,0
4201,0,0.50712156,0
4202,0,0.63883525,1
4203,0,0.5027256,0
4204,0,0.6814089,1
4205,0,0.5001201,0
4206,0,0.5058553,0
4207,0,0.50007284,0
4208,0,0.5000053,0
4209,0,0.57731664,0
4210,0,0.54337823,0
4211,0,0.5000643,0
4212,0,0.5005069,0
4213,1,0.57749534,0
4214,0,0.50063753,0
4215,0,0.5068813,0
4216,0,0.50008416,0
4217,0,0.5314526,0
4218,0,0.7187918,1
4219,0,0.69863796,1
4220,0,0.6585273,1
4221,0,0.7185944,1
4222,0,0.73077047,1
4223,0,0.5004561,0
4224,0,0.5005169,0
4225,0,0.62314755,1
4226,0,0.50368303,0
4227,0,0.50118923,0
4228,0,0.56895477,0
4229,0,0.5018015,0
4230,0,0.7295198,1
4231,0,0.72691053,1
4232,0,0.5910743,0
4233,0,0.5026321,0
4234,0,0.5025234,0
4235,0,0.50034046,0
4236,0,0.500854,0
4237,0,0.55549556,0
4238,0,0.500091,0
4239,0,0.5000604,0
4240,0,0.50469196,0
4241,0,0.5000204,0
4242,0,0.5001918,0
4243,0,0.55925995,0
4244,0,0.58130306,0
4245,0,0.50242805,0
4246,0,0.5004301,0
4247,0,0.5002123,0
4248,0,0.50059223,0
4249,0,0.6266955,1
4250,0,0.50481015,0
4251,0,0.72758853,1
4252,0,0.5000279,0
4253,0,0.50004745,0
4254,0,0.53397465,0
4255,0,0.5000456,0
4256,0,0.50077486,0
4257,0,0.5113582,0
4258,0,0.5000882,0
4259,0,0.5045928,0
4260,0,0.5010624,0
4261,0,0.5000316,0
4262,0,0.50069475,0
4263,0,0.6831025,1
4264,0,0.71183175,1
4265,0,0.50209427,0
4266,0,0.5025425,0
4267,0,0.5012455,0
4268,1,0.7306744,1
4269,0,0.72903776,1
4270,0,0.50575614,0
4271,0,0.51163274,0
4272,0,0.7047701,1
4273,0,0.5001068,0
4274,0,0.6645403,1
4275,0,0.52641886,0
4276,0,0.5001706,0
4277,0,0.7294234,1
4278,0,0.5000604,0
4279,0,0.50381273,0
4280,0,0.50381273,0
4281,0,0.50036097,0
4282,0,0.5022812,0
4283,0,0.6093498,0
4284,1,0.73028994,1
4285,0,0.54386276,0
4286,0,0.5001817,0
4287,0,0.72710437,1
4288,0,0.65610766,1
4289,0,0.5057981,0
4290,1,0.7282654,1
4291,0,0.70952255,1
4292,0,0.7162186,1
4293,0,0.68331385,1
4294,0,0.57654196,0
4295,0,0.59419805,0
4296,0,0.5000347,0
4297,0,0.7281688,1
4298,0,0.7268136,1
4299,0,0.7285552,1
4300,0,0.5030727,0
4301,0,0.5000034,0
4302,0,0.725843,1
4303,1,0.64187145,1
4304,0,0.5014162,0
4305,0,0.5008507,0
4306,0,0.50017536,0
4307,0,0.6631238,1
4308,0,0.50001436,0
4309,1,0.50630534,0
4310,0,0.5001015,0
4311,0,0.71780384,1
4312,0,0.5000116,0
4313,0,0.5001187,0
4314,1,0.7235049,1
4315,0,0.7050748,1
4316,0,0.6694208,1
4317,0,0.5000217,0
4318,0,0.5001068,0
4319,0,0.6696368,1
4320,0,0.5959041,0
4321,0,0.715424,1
4322,0,0.7277821,1
4323,1,0.7300975,1
4324,0,0.648355,1
4325,0,0.50031614,0
4326,0,0.7252596,1
4327,0,0.71173155,1
4328,0,0.7287483,1
4329,0,0.500597,0
4330,0,0.50013983,0
4331,0,0.50003964,0
4332,0,0.5134703,0
4333,0,0.50056744,0
4334,0,0.7226249,1
4335,0,0.50629395,0
4336,0,0.7043636,1
4337,1,0.51712894,0
4338,0,0.71472764,1
4339,0,0.50153637,0
4340,0,0.50041366,0
4341,0,0.6977119,1
4342,0,0.500854,0
4343,0,0.6771539,1
4344,0,0.5000264,0
4345,0,0.5881797,0
4346,0,0.50086737,0
4347,1,0.729327,1
4348,0,0.5025234,0
4349,0,0.5035438,0
4350,0,0.5182871,0
4351,0,0.50032616,0
4352,0,0.5189576,0
4353,0,0.5615154,0
4354,1,0.6282934,1
4355,0,0.50998557,0
4356,0,0.73028994,1
4357,0,0.72389543,1
4358,0,0.5010786,0
4359,0,0.6810908,1
4360,0,0.50067854,0
4361,1,0.7214489,1
4362,0,0.7222333,1
4363,0,0.50195307,0
4364,0,0.52734697,0
4365,0,0.7304822,1
4366,0,0.72758853,1
4367,0,0.51146495,0
4368,0,0.5000045,0
4369,0,0.6930576,1
4370,0,0.7201715,1
4371,0,0.50089836,0
4372,0,0.6645403,1
4373,0,0.50001746,0
4374,0,0.67071617,1
4375,1,0.5017195,0
4376,0,0.6906634,1
4377,1,0.69884354,1
4378,0,0.6208515,0
4379,0,0.5095051,0
4380,0,0.54667765,0
4381,0,0.51196826,0
4382,0,0.50021315,0
4383,0,0.5010376,0
4384,0,0.7280721,1
4385,0,0.50010115,0
4386,0,0.5130281,0
4387,0,0.7213508,1
4388,0,0.6071974,0
4389,0,0.6181467,0
4390,0,0.50023866,0
4391,0,0.5004525,0
4392,0,0.5001621,0
4393,0,0.5563996,0
4394,1,0.54713136,0
4395,0,0.5487944,0
4396,0,0.50074816,0
4397,0,0.5226286,0
4398,0,0.56235677,0
4399,0,0.6389479,1
4400,0,0.5020313,0
4401,0,0.5053404,0
4402,0,0.5921361,0
4403,0,0.66747284,1
4404,0,0.5000032,0
4405,0,0.5000478,0
4406,0,0.5001693,0
4407,0,0.5177995,0
4408,0,0.5004668,0
4409,0,0.7208598,1
4410,0,0.5000992,0
4411,0,0.7291342,1
4412,0,0.50049114,0
4413,0,0.50000817,0
4414,0,0.72632855,1
4415,0,0.5007057,0
4416,0,0.5062482,0
4417,0,0.73028994,1
4418,0,0.5002034,0
4419,0,0.5001031,0
4420,0,0.63193506,1
4421,0,0.500252,0
4422,0,0.50000685,0
4423,0,0.7303861,1
4424,0,0.5302061,0
4425,0,0.69945973,1
4426,0,0.7306744,1
4427,0,0.50250244,0
4428,0,0.5236031,0
4429,0,0.5398931,0
4430,0,0.5781505,0
4431,0,0.5554352,0
4432,0,0.5000292,0
4433,0,0.6143362,0
4434,0,0.5385889,0
4435,0,0.50011414,0
4436,0,0.5085212,0
4437,0,0.50241846,0
4438,0,0.5277881,0
4439,0,0.5016861,0
4440,0,0.5028991,0
4441,0,0.5133254,0
4442,0,0.5004153,0
4443,0,0.5049475,0
4444,0,0.5220651,0
4445,0,0.5488549,0
4446,0,0.50010806,0
4447,0,0.7300013,1
4448,0,0.60632366,0
4449,0,0.73077047,1
4450,0,0.6131787,0
4451,0,0.5584775,0
4452,0,0.5003028,0
4453,0,0.7129322,1
4454,0,0.7282654,1
4455,0,0.6005984,0
4456,0,0.50087786,0
4457,0,0.5034351,0
4458,0,0.500106,0
4459,0,0.5000014,0
4460,0,0.5068317,0
4461,0,0.5025234,0
4462,0,0.50131035,0
