pair_id,label,probability,prediction
0,0,0.72301626,1
1,0,0.7050748,1
2,0,0.57158726,0
3,0,0.6673645,1
4,0,0.6992544,1
5,0,0.5037975,0
6,0,0.71780384,1
7,0,0.5098178,0
8,0,0.5015125,0
9,0,0.5004561,0
10,0,0.5361004,0
11,0,0.7140302,1
12,0,0.7227227,1
13,0,0.5073275,0
14,0,0.72026986,1
15,0,0.7142296,1
16,0,0.51621443,0
17,0,0.69945973,1
18,0,0.5628374,0
19,0,0.5120521,0
20,0,0.7288448,1
21,0,0.71203196,1
22,0,0.5661984,0
23,0,0.5084144,0
24,0,0.71839684,1
25,0,0.5887709,0
26,0,0.50008994,0
27,0,0.60346454,0
28,0,0.5006504,0
29,0,0.53801244,0
30,0,0.5910153,0
31,0,0.5014267,0
32,0,0.5601624,0
33,1,0.72739494,1
34,0,0.7240906,1
35,1,0.72603726,1
36,0,0.5006895,0
37,0,0.53849787,0
38,0,0.6790723,1
39,0,0.58658206,0
40,0,0.5016098,0
41,0,0.50284386,0
42,0,0.5598917,0
43,0,0.6737286,1
44,0,0.5333367,0
45,0,0.690872,1
46,0,0.5681163,0
47,0,0.5033969,0
48,0,0.5017805,0
49,0,0.6875251,1
50,0,0.7272012,1
51,0,0.7064943,1
52,0,0.51808906,0
53,1,0.7229184,1
54,0,0.7268136,1
55,0,0.7106283,1
56,0,0.6095823,0
57,1,0.7261344,1
58,0,0.5006304,0
59,0,0.5006919,0
60,0,0.66377795,1
61,1,0.7226249,1
62,0,0.51209784,0
63,0,0.6979178,1
64,0,0.59337366,0
65,0,0.5227504,0
66,0,0.50819325,0
67,0,0.71032697,1
68,0,0.52048105,0
69,0,0.5030479,0
70,0,0.5606135,0
71,1,0.72603726,1
72,0,0.5011749,0
73,0,0.58082765,0
74,0,0.64690644,1
75,0,0.6992544,1
76,0,0.5004616,0
77,0,0.60369825,0
78,0,0.5221565,0
79,0,0.5515134,0
80,0,0.50197595,0
81,1,0.6875251,1
82,0,0.6374823,1
83,0,0.7268136,1
84,0,0.5052298,0
85,1,0.684264,1
86,0,0.50258255,0
87,0,0.6284074,1
88,1,0.7264256,1
89,0,0.6982266,1
90,0,0.5225829,0
91,0,0.5015421,0
92,0,0.51630586,0
93,0,0.50849074,0
94,0,0.5056989,0
95,0,0.6970936,1
96,0,0.5071368,0
97,0,0.67405045,1
98,0,0.52282655,0
99,0,0.72036827,1
100,0,0.7152251,1
101,0,0.7298087,1
102,0,0.72845864,1
103,0,0.5014782,0
104,0,0.56895477,0
105,0,0.7277821,1
106,1,0.72990495,1
107,0,0.5010176,0
108,0,0.5113353,0
109,0,0.7221353,1
110,0,0.6852127,1
111,1,0.69966495,1
112,0,0.572185,0
113,1,0.72056496,1
114,1,0.7300013,1
115,1,0.7181004,1
116,0,0.72496766,1
117,0,0.7291342,1
118,0,0.5043944,0
119,0,0.5208162,0
120,0,0.5028553,0
121,0,0.5444986,0
122,0,0.67490816,1
123,0,0.51848525,0
124,0,0.50397485,0
125,0,0.504978,0
126,0,0.63193506,1
127,0,0.5020313,0
128,0,0.50248337,0
129,0,0.6602819,1
130,0,0.5004525,0
131,0,0.7000752,1
132,1,0.70821255,1
133,0,0.69678426,1
134,0,0.7268136,1
135,0,0.69657785,1
136,0,0.7185944,1
137,0,0.6130049,0
138,0,0.5001788,0
139,0,0.5258254,0
140,0,0.51083964,0
141,0,0.5007367,0
142,0,0.70992494,1
143,0,0.5010624,0
144,0,0.5161839,0
145,1,0.6370308,1
146,0,0.5168546,0
147,0,0.67362124,1
148,0,0.7190878,1
149,0,0.5265101,0
150,0,0.50873476,0
151,0,0.7108291,1
152,0,0.55341476,0
153,0,0.61808914,0
154,0,0.53977174,0
155,0,0.5020714,0
156,0,0.5292634,0
157,0,0.58023316,0
158,0,0.5771975,0
159,0,0.649912,1
160,1,0.72691053,1
161,0,0.55275095,0
162,1,0.5917232,0
163,0,0.65035623,1
164,0,0.5069614,0
165,0,0.52596235,0
166,0,0.5172204,0
167,0,0.5644586,0
168,0,0.5357665,0
169,0,0.51606196,0
170,0,0.5203745,0
171,0,0.5053099,0
172,0,0.5225829,0
173,0,0.50167274,0
174,0,0.51392764,0
175,0,0.5035438,0
176,0,0.56985265,0
177,0,0.5011616,0
178,0,0.50915426,0
179,0,0.5079492,0
180,0,0.5594706,0
181,0,0.50319284,0
182,0,0.5100008,0
183,1,0.69035035,1
184,1,0.716417,1
185,0,0.691289,1
186,0,0.7181993,1
187,0,0.7106283,1
188,0,0.51239526,0
189,0,0.5000679,0
190,0,0.6145675,0
191,0,0.6096404,0
192,0,0.5476757,0
193,0,0.72845864,1
194,0,0.70578504,1
195,0,0.5023804,0
196,0,0.64980084,1
197,0,0.71393055,1
198,0,0.5626572,0
199,0,0.6598436,1
200,0,0.64097303,1
201,0,0.5301757,0
202,0,0.51080155,0
203,0,0.5336405,0
204,0,0.51728135,0
205,0,0.7243831,1
206,0,0.54219675,0
207,0,0.5930791,0
208,0,0.7244806,1
209,0,0.5696133,0
210,0,0.520999,0
211,0,0.70851517,1
212,0,0.61855006,0
213,0,0.51529217,0
214,0,0.523192,0
215,0,0.71183175,1
216,0,0.50512296,0
217,0,0.5993679,0
218,1,0.7237978,1
219,0,0.7134316,1
220,0,0.5955514,0
221,0,0.7133318,1
222,0,0.6738359,1
223,0,0.5011349,0
224,0,0.7017131,1
225,0,0.5093144,0
226,1,0.7227227,1
227,0,0.6263527,1
228,0,0.7268136,1
229,0,0.5345518,0
230,0,0.5637383,0
231,0,0.50105,0
232,0,0.6526843,1
233,0,0.5036964,0
234,0,0.57624394,0
235,0,0.6393984,1
236,0,0.5189576,0
237,0,0.50056076,0
238,1,0.7106283,1
239,0,0.60130095,0
240,1,0.70416015,1
241,0,0.50875,0
242,1,0.64968973,1
243,0,0.6917057,1
244,0,0.5109388,0
245,0,0.5061642,0
246,0,0.7134316,1
247,0,0.7276853,1
248,0,0.52930903,0
249,0,0.6077214,0
250,0,0.7244806,1
251,0,0.68626493,1
252,0,0.5067287,0
253,0,0.5022297,0
254,0,0.5415301,0
255,0,0.5347036,0
256,1,0.7252596,1
257,0,0.5008912,0
258,0,0.51352364,0
259,0,0.68236214,1
260,0,0.5941392,0
261,0,0.72661966,1
262,0,0.505615,0
263,0,0.5208924,0
264,0,0.6875251,1
265,0,0.5032425,0
266,0,0.7168137,1
267,0,0.66823107,1
268,0,0.6676896,1
269,0,0.5088873,0
270,0,0.50381273,0
271,0,0.5084602,0
272,0,0.5006504,0
273,0,0.5809465,0
274,0,0.5246687,0
275,0,0.50046325,0
276,0,0.7204666,1
277,0,0.5002415,0
278,0,0.52511007,0
279,0,0.7234072,1
280,0,0.6979178,1
281,0,0.6509112,1
282,0,0.50143814,0
283,0,0.5050047,0
284,1,0.7128323,1
285,0,0.5479479,0
286,0,0.7126323,1
287,0,0.54253,0
288,0,0.5055196,0
289,0,0.6675812,1
290,0,0.54225737,0
291,0,0.5144461,0
292,0,0.63578796,1
293,0,0.7159208,1
294,0,0.5017872,0
295,0,0.72301626,1
296,0,0.501894,0
297,0,0.50250244,0
298,0,0.5035705,0
299,0,0.50038576,0
300,0,0.7077078,1
301,0,0.50985587,0
302,0,0.52476,0
303,0,0.5059239,0
304,0,0.6184348,0
305,0,0.502922,0
306,0,0.61196184,0
307,0,0.72301626,1
308,0,0.71671456,1
309,1,0.7291342,1
310,0,0.55121136,0
311,0,0.7264256,1
312,0,0.71849567,1
313,0,0.50437915,0
314,0,0.57636315,0
315,0,0.5063321,0
316,0,0.5086204,0
317,0,0.50717497,0
318,0,0.71967924,1
319,0,0.50192356,0
320,0,0.7247729,1
321,0,0.6758716,1
322,0,0.72036827,1
323,0,0.71153116,1
324,0,0.5905431,0
325,0,0.7294234,1
326,0,0.7044652,1
327,0,0.71163136,1
328,0,0.5430753,0
329,0,0.605799,0
330,1,0.72632855,1
331,0,0.584627,0
332,0,0.5002314,0
333,1,0.64131004,1
334,0,0.72691053,1
335,0,0.6064984,0
336,0,0.51167846,0
337,0,0.6205641,0
338,0,0.5006132,0
339,1,0.72700745,1
340,0,0.50811696,0
341,0,0.7282654,1
342,0,0.51415634,0
343,0,0.69378424,1
344,0,0.7282654,1
345,0,0.7133318,1
346,0,0.50985587,0
347,1,0.72845864,1
348,0,0.7102265,1
349,0,0.69471705,1
350,0,0.5268753,0
351,0,0.54894555,0
352,0,0.7210562,1
353,0,0.50134087,0
354,0,0.5003979,0
355,0,0.5029106,0
356,0,0.51202923,0
357,0,0.5095966,0
358,0,0.6906634,1
359,0,0.7152251,1
360,0,0.6019446,0
361,0,0.5058439,0
362,0,0.65401137,1
363,0,0.5317869,0
364,0,0.6693127,1
365,0,0.50253296,0
366,0,0.50076294,0
367,0,0.71213204,1
368,0,0.51936895,0
369,0,0.72691053,1
370,1,0.7227227,1
371,0,0.72894126,1
372,0,0.500793,0
373,0,0.5012264,0
374,0,0.50271416,0
375,0,0.53518957,0
376,0,0.72233117,1
377,0,0.5912513,0
378,1,0.7235049,1
379,0,0.50026417,0
380,0,0.72661966,1
381,0,0.50288767,0
382,0,0.7280721,1
383,0,0.5083992,0
384,0,0.71611935,1
385,0,0.53157413,0
386,0,0.6003641,0
387,0,0.5733799,0
388,0,0.5597413,0
389,1,0.7221353,1
390,1,0.53345823,0
391,0,0.5940215,0
392,0,0.50156593,0
393,0,0.6400736,1
394,0,0.50418085,0
395,0,0.71839684,1
396,0,0.6999727,1
397,0,0.5025425,0
398,0,0.5115946,0
399,0,0.7252596,1
400,1,0.6177433,0
401,0,0.6441132,1
402,0,0.7043636,1
403,0,0.5004456,0
404,0,0.50512296,0
405,0,0.5055387,0
406,0,0.6684475,1
407,0,0.56064355,0
408,0,0.6279512,1
409,0,0.50890255,0
410,0,0.5043944,0
411,0,0.6220002,0
412,0,0.503107,0
413,0,0.5014553,0
414,0,0.6688803,1
415,0,0.648021,1
416,0,0.501585,0
417,0,0.72845864,1
418,1,0.6689884,1
419,1,0.62429357,1
420,0,0.5033054,0
421,0,0.58100593,0
422,0,0.6020031,0
423,0,0.6312534,1
424,0,0.50075674,0
425,0,0.72311395,1
426,0,0.54107547,0
427,0,0.5004816,0
428,0,0.6680145,1
429,0,0.5018015,0
430,0,0.717408,1
431,0,0.5010748,0
432,0,0.5080102,0
433,1,0.6144518,0
434,0,0.7152251,1
435,0,0.70831347,1
436,0,0.52092284,0
437,0,0.65235215,1
438,1,0.7191864,1
439,0,0.69987017,1
440,0,0.5028553,0
441,1,0.7222333,1
442,0,0.50451267,0
443,1,0.7150262,1
444,1,0.7119319,1
445,0,0.72710437,1
446,0,0.69760895,1
447,0,0.7168137,1
448,0,0.5026741,0
449,0,0.6688803,1
450,0,0.50214386,0
451,0,0.5003638,0
452,0,0.70851517,1
453,0,0.651133,1
454,0,0.5567009,0
455,0,0.50125027,0
456,0,0.713132,1
457,0,0.7265227,1
458,0,0.71393055,1
459,0,0.6794978,1
460,0,0.72311395,1
461,0,0.50698805,0
462,0,0.70568365,1
463,0,0.5285182,0
464,0,0.50008255,0
465,0,0.5021038,0
466,0,0.69987017,1
467,0,0.5006976,0
468,0,0.61207783,0
469,0,0.6311397,1
470,0,0.5098711,0
471,0,0.50279045,0
472,1,0.72787875,1
473,0,0.53676826,0
474,0,0.71102977,1
475,0,0.54056007,0
476,0,0.6819386,1
477,0,0.55811626,0
478,0,0.5574839,0
479,0,0.50025916,0
480,0,0.7237002,1
481,0,0.7122322,1
482,0,0.7189892,1
483,0,0.5086204,0
484,0,0.7134316,1
485,0,0.7177049,1
486,0,0.6737286,1
487,0,0.72242916,1
488,0,0.5075525,0
489,1,0.7051763,1
490,1,0.7204666,1
491,1,0.72242916,1
492,0,0.50206375,0
493,0,0.5185157,0
494,0,0.52000886,0
495,0,0.5018873,0
496,0,0.70140636,1
497,0,0.50138855,0
498,0,0.55075836,0
499,0,0.5963156,0
500,0,0.5984882,0
501,0,0.50114346,0
502,0,0.57033134,0
503,0,0.6894102,1
504,0,0.5166412,0
505,0,0.72671664,1
506,0,0.57910293,0
507,0,0.56517875,0
508,1,0.72758853,1
509,0,0.54458946,0
510,0,0.71711093,1
511,0,0.62646705,1
512,0,0.5224306,0
513,0,0.5088873,0
514,0,0.5211513,0
515,0,0.5014105,0
516,0,0.5004301,0
517,0,0.50180817,0
518,0,0.59331477,0
519,0,0.69097626,1
520,0,0.55290186,0
521,1,0.71133065,1
522,0,0.6543428,1
523,1,0.7281688,1
524,0,0.5192623,0
525,0,0.5007868,0
526,0,0.6237207,1
527,0,0.5125096,0
528,0,0.57427543,0
529,0,0.52255243,0
530,0,0.5030593,0
531,0,0.7229184,1
532,0,0.5011349,0
533,0,0.7049733,1
534,0,0.5026836,0
535,0,0.5032425,0
536,0,0.5079492,0
537,0,0.5022812,0
538,0,0.5625971,0
539,0,0.67555064,1
540,0,0.53458214,0
541,0,0.5532941,0
542,1,0.7242856,1
543,0,0.5133483,0
544,0,0.6131787,0
545,0,0.7279754,1
546,0,0.61201984,0
547,0,0.5121893,0
548,0,0.685002,1
549,0,0.54873395,0
550,0,0.7256486,1
551,0,0.50936776,0
552,0,0.5067516,0
553,0,0.6101631,0
554,0,0.62429357,1
555,1,0.7285552,1
556,0,0.5607338,0
557,0,0.51354647,0
558,0,0.57033134,0
559,0,0.5658986,0
560,0,0.500793,0
561,0,0.5946101,0
562,0,0.7300013,1
563,0,0.51566565,0
564,0,0.5398324,0
565,0,0.50087404,0
566,0,0.6271523,1
567,1,0.7264256,1
568,0,0.5022545,0
569,1,0.72623146,1
570,0,0.50019336,0
571,1,0.5131729,0
572,0,0.7068991,1
573,0,0.5211513,0
574,0,0.6943027,1
575,0,0.5045737,0
576,0,0.6894102,1
577,0,0.50543576,0
578,0,0.69388795,1
579,0,0.71203196,1
580,1,0.7182981,1
581,0,0.51352364,0
582,0,0.5003052,0
583,0,0.5159248,0
584,0,0.5374966,0
585,0,0.5038852,0
586,0,0.5060231,0
587,0,0.7294234,1
588,0,0.6970936,1
589,1,0.71711093,1
590,0,0.5023079,0
591,0,0.6934729,1
592,1,0.71869314,1
593,0,0.50063753,0
594,0,0.50231737,0
595,0,0.5002856,0
596,0,0.50915426,0
597,0,0.6196439,0
598,0,0.5073847,0
599,0,0.7236025,1
600,0,0.5798763,0
601,1,0.68605465,1
602,0,0.72066325,1
603,0,0.5176014,0
604,0,0.5033702,0
605,0,0.57439476,0
606,0,0.6962682,1
607,0,0.5115717,0
608,0,0.64500815,1
609,1,0.69637144,1
610,0,0.67405045,1
611,0,0.50250244,0
612,0,0.51092356,0
613,0,0.50427616,0
614,0,0.60206157,0
615,0,0.5474943,0
616,0,0.50140476,0
617,0,0.7216451,1
618,0,0.5013151,0
619,0,0.5135999,0
620,0,0.6808786,1
621,1,0.72623146,1
622,0,0.56184596,0
623,0,0.5278337,0
624,0,0.50190926,0
625,0,0.5010872,0
626,0,0.7295198,1
627,0,0.5073275,0
628,0,0.5703911,0
629,0,0.58794314,0
630,0,0.50195307,0
631,0,0.50086737,0
632,0,0.53193885,0
633,0,0.7033458,1
634,1,0.7077078,1
635,0,0.5020466,0
636,0,0.6420959,1
637,1,0.72603726,1
638,0,0.5025425,0
639,0,0.50194645,0
640,0,0.72710437,1
641,0,0.50447834,0
642,0,0.52415115,0
643,0,0.5095051,0
644,0,0.5103287,0
645,0,0.50036526,0
646,0,0.5033435,0
647,0,0.5005288,0
648,0,0.5379214,0
649,0,0.6143362,0
650,0,0.5086051,0
651,0,0.67555064,1
652,1,0.71671456,1
653,1,0.52048105,0
654,1,0.72894126,1
655,0,0.6952346,1
656,1,0.7191864,1
657,0,0.51392764,0
658,0,0.71730906,1
659,0,0.50143814,0
660,0,0.5059239,0
661,1,0.72990495,1
662,0,0.7070003,1
663,0,0.71611935,1
664,1,0.69750595,1
665,0,0.6118459,0
666,0,0.5069347,0
667,0,0.5065762,0
668,0,0.7243831,1
669,0,0.5966095,0
670,0,0.5288528,0
671,0,0.5056989,0
672,1,0.70161086,1
673,0,0.5990161,0
674,0,0.5057675,0
675,0,0.50823903,0
676,0,0.6663882,1
677,0,0.6773673,1
678,0,0.7159208,1
679,0,0.5202526,0
680,1,0.5832034,0
681,0,0.68920106,1
682,0,0.52721006,0
683,0,0.5211513,0
684,0,0.5001085,0
685,0,0.53855854,0
686,0,0.61958635,0
687,0,0.6866853,1
688,0,0.5002737,0
689,0,0.5015907,0
690,0,0.72545415,1
691,0,0.58308464,0
692,0,0.5005069,0
693,0,0.7297124,1
694,0,0.50266266,0
695,0,0.713132,1
696,0,0.5009017,0
697,0,0.5056455,0
698,0,0.53397465,0
699,0,0.500793,0
700,0,0.52180624,0
701,0,0.725065,1
702,0,0.50590104,0
703,0,0.5425906,0
704,1,0.6868954,1
705,0,0.5512718,0
706,0,0.53424805,0
707,0,0.7151257,1
708,0,0.501894,0
709,0,0.53443027,0
710,0,0.61132395,0
711,0,0.72233117,1
712,0,0.51901853,0
713,0,0.7295198,1
714,0,0.5146061,0
715,0,0.71432924,1
716,0,0.5202983,0
717,0,0.6811968,1
718,0,0.7112304,1
719,0,0.5316349,0
720,0,0.50022244,0
721,1,0.5823723,0
722,0,0.69904906,1
723,0,0.56661814,0
724,0,0.50249285,0
725,0,0.55549556,0
726,0,0.6705004,1
727,0,0.725843,1
728,0,0.5123266,0
729,0,0.5153227,0
730,0,0.50224686,0
731,0,0.67415774,1
732,0,0.5084449,0
733,1,0.72242916,1
734,0,0.5785672,0
735,0,0.5005784,0
736,0,0.5002396,0
737,0,0.50363916,0
738,0,0.6788595,1
739,0,0.62874943,1
740,0,0.59678566,0
741,0,0.54398394,0
742,0,0.72700745,1
743,1,0.71849567,1
744,0,0.5152388,0
745,0,0.7213508,1
746,0,0.62897736,1
747,0,0.702428,1
748,0,0.51379806,0
749,0,0.50115204,0
750,0,0.5009861,0
751,0,0.50595444,0
752,0,0.55217755,0
753,0,0.7152251,1
754,0,0.5084602,0
755,0,0.70466846,1
756,0,0.50319284,0
757,0,0.5001584,0
758,0,0.7221353,1
759,1,0.7287483,1
760,0,0.5362522,0
761,0,0.57749534,0
762,0,0.7089184,1
763,0,0.63624007,1
764,0,0.655336,1
765,0,0.5636782,0
766,0,0.5138972,0
767,0,0.7216451,1
768,1,0.6831025,1
769,0,0.6999727,1
770,0,0.50074244,0
771,0,0.50219536,0
772,0,0.5154903,0
773,1,0.70385486,1
774,0,0.5671576,0
775,1,0.6607199,1
776,0,0.50069475,0
777,0,0.5164583,0
778,1,0.72603726,1
779,0,0.7248703,1
780,0,0.5212275,0
781,0,0.647018,1
782,0,0.5118539,0
783,0,0.51322633,0
784,0,0.5029106,0
785,1,0.72496766,1
786,0,0.7256486,1
787,0,0.50387186,0
788,0,0.65290564,1
789,0,0.50621,0
790,0,0.5274991,0
791,0,0.52180624,0
792,1,0.70324385,1
793,0,0.50025797,0
794,0,0.69336915,1
795,0,0.72700745,1
796,0,0.5070834,0
797,0,0.5013571,0
798,0,0.5066143,0
799,0,0.60871035,0
800,0,0.5021782,0
801,0,0.5102296,0
802,0,0.7187918,1
803,0,0.5004988,0
804,0,0.5002148,0
805,0,0.5086051,0
806,0,0.53245556,0
807,0,0.6820445,1
808,0,0.66671383,1
809,0,0.68479127,1
810,0,0.7248703,1
811,0,0.51627535,0
812,0,0.72056496,1
813,0,0.5077394,0
814,0,0.5366468,0
815,0,0.5140801,0
816,0,0.5310422,0
817,0,0.5053938,0
818,0,0.5033054,0
819,0,0.7168137,1
820,0,0.62589556,1
821,0,0.52655584,0
822,0,0.50110817,0
823,0,0.66747284,1
824,0,0.5050238,0
825,0,0.6629056,1
826,0,0.5027046,0
827,0,0.51230377,0
828,0,0.5014782,0
829,0,0.51563513,0
830,0,0.5004153,0
831,0,0.6932653,1
832,0,0.50512296,0
833,0,0.50522214,0
834,1,0.6572085,1
835,0,0.6288634,1
836,0,0.5026531,0
837,0,0.5505167,0
838,0,0.5736187,0
839,0,0.5035972,0
840,0,0.61144,0
841,0,0.5013838,0
842,0,0.70028025,1
843,0,0.5084297,0
844,0,0.5065495,0
845,0,0.5258254,0
846,0,0.5730812,0
847,0,0.5028763,0
848,0,0.50049496,0
849,0,0.5028,0
850,0,0.69118476,1
851,0,0.722527,1
852,0,0.53421766,0
853,0,0.5013466,0
854,0,0.502203,0
855,1,0.72845864,1
856,0,0.53965044,0
857,0,0.5037975,0
858,0,0.60987276,0
859,0,0.5670977,0
860,0,0.50567985,0
861,0,0.5034351,0
862,0,0.5519662,0
863,0,0.54210585,0
864,1,0.695855,1
865,1,0.5637383,0
866,0,0.5001064,0
867,0,0.7291342,1
868,0,0.50249285,0
869,0,0.5022545,0
870,0,0.50124073,0
871,1,0.71711093,1
872,1,0.72894126,1
873,0,0.7261344,1
874,0,0.6932653,1
875,0,0.50201607,0
876,0,0.52331376,0
877,0,0.7291342,1
878,0,0.7227227,1
879,0,0.5222631,0
880,0,0.5009413,0
881,0,0.5661984,0
882,0,0.5298716,0
883,0,0.50998557,0
884,0,0.5021534,0
885,0,0.55438,0
886,0,0.5465264,0
887,0,0.59766656,0
888,1,0.7237002,1
889,0,0.54183316,0
890,0,0.50156593,0
891,0,0.6426568,1
892,0,0.729327,1
893,0,0.6082451,0
894,0,0.72545415,1
895,0,0.71730906,1
896,1,0.7242856,1
897,0,0.50082445,0
898,0,0.50043535,0
899,0,0.5967269,0
900,0,0.52000886,0
901,0,0.50684315,0
902,0,0.6531269,1
903,0,0.5441959,0
904,0,0.5034484,0
905,0,0.7162186,1
906,0,0.5094365,0
907,0,0.51501775,0
908,0,0.70354944,1
909,0,0.60708094,0
910,0,0.7100255,1
911,1,0.723993,1
912,0,0.6794978,1
913,0,0.55811626,0
914,0,0.5003338,0
915,1,0.7277821,1
916,0,0.63193506,1
917,0,0.5213036,0
918,0,0.6564381,1
919,0,0.58498263,0
920,0,0.5486433,0
921,0,0.50216866,0
922,0,0.5014105,0
923,0,0.7295198,1
924,0,0.5514228,0
925,0,0.56595856,0
926,1,0.72661966,1
927,0,0.6932653,1
928,0,0.685318,1
929,1,0.70232594,1
930,0,0.7177049,1
931,0,0.51601624,0
932,0,0.5003457,0
933,0,0.50021315,0
934,1,0.7237978,1
935,1,0.65885663,1
936,0,0.5097415,0
937,0,0.65013415,1
938,0,0.67661995,1
939,0,0.50284386,0
940,0,0.71760595,1
941,1,0.7237978,1
942,0,0.50361246,0
943,1,0.72845864,1
944,0,0.70120186,1
945,1,0.6272665,1
946,0,0.6533481,1
947,0,0.6575384,1
948,0,0.5021782,0
949,0,0.6022955,0
950,0,0.6887825,1
951,0,0.6272665,1
952,0,0.7218412,1
953,0,0.6709318,1
954,1,0.7285552,1
955,0,0.65907604,1
956,0,0.55956084,0
957,0,0.569314,0
958,0,0.69035035,1
959,0,0.5165497,0
960,0,0.7132319,1
961,0,0.5212275,0
962,0,0.5200393,0
963,0,0.71849567,1
964,0,0.60235405,0
965,0,0.5101152,0
966,0,0.72036827,1
967,0,0.500047,0
968,0,0.6662797,1
969,0,0.715424,1
970,0,0.6589664,1
971,0,0.5102067,0
972,0,0.5018873,0
973,0,0.52734697,0
974,0,0.51058036,0
975,0,0.52876157,0
976,0,0.5047339,0
977,0,0.5044631,0
978,0,0.6694208,1
979,0,0.56685793,0
980,0,0.5097415,0
981,0,0.71133065,1
982,0,0.53528064,0
983,0,0.61312073,0
984,0,0.50101376,0
985,0,0.5720655,0
986,0,0.71839684,1
987,0,0.649912,1
988,0,0.5027256,0
989,0,0.72990495,1
990,0,0.52092284,0
991,1,0.640411,1
992,1,0.7301937,1
993,0,0.500226,0
994,1,0.69987017,1
995,0,0.50419605,0
996,0,0.500772,0
997,0,0.5073542,0
998,0,0.5046462,0
999,1,0.61682045,0
1000,1,0.72671664,1
1001,1,0.52348125,0
1002,0,0.50961185,0
1003,0,0.52880716,0
1004,0,0.5233594,0
1005,0,0.5015125,0
1006,0,0.6004813,0
1007,0,0.72066325,1
1008,0,0.5026836,0
1009,0,0.6818327,1
1010,0,0.58023316,0
1011,0,0.53540206,0
1012,0,0.6838419,1
1013,0,0.507583,0
1014,0,0.5204354,0
1015,0,0.54049945,0
1016,0,0.5672775,0
1017,0,0.54016596,0
1018,0,0.67854,1
1019,0,0.63590103,1
1020,0,0.50384134,0
1021,0,0.5411967,0
1022,0,0.5016794,0
1023,0,0.60399026,0
1024,0,0.72894126,1
1025,0,0.68637,1
1026,0,0.50261307,0
1027,0,0.5063168,0
1028,0,0.5015974,0
1029,0,0.50414646,0
1030,0,0.72758853,1
1031,0,0.5101533,0
1032,1,0.71452844,1
1033,0,0.65555656,1
1034,0,0.5051802,0
1035,0,0.5012655,0
1036,0,0.5030479,0
1037,0,0.69657785,1
1038,0,0.71163136,1
1039,0,0.5010176,0
1040,0,0.7134316,1
1041,0,0.6008912,0
1042,0,0.604574,0
1043,0,0.50453174,0
1044,0,0.65168744,1
1045,0,0.7235049,1
1046,0,0.7182981,1
1047,0,0.58154076,0
1048,0,0.50023496,0
1049,0,0.5643386,0
1050,0,0.512258,0
1051,0,0.6810908,1
1052,0,0.5091924,0
1053,0,0.7251623,1
1054,1,0.7177049,1
1055,0,0.5030727,0
1056,0,0.7287483,1
1057,1,0.7247729,1
1058,0,0.6949242,1
1059,0,0.5316957,0
1060,0,0.50543576,0
1061,0,0.5006504,0
1062,0,0.7242856,1
1063,0,0.7157221,1
1064,0,0.61537683,0
1065,0,0.5189576,0
1066,0,0.71273226,1
1067,0,0.7133318,1
1068,0,0.69637144,1
1069,0,0.6861598,1
1070,0,0.5939626,0
1071,0,0.6305712,1
1072,0,0.6775807,1
1073,0,0.50266266,0
1074,0,0.5439536,0
1075,0,0.6567684,1
1076,0,0.53107256,0
1077,0,0.6706083,1
1078,0,0.5016537,0
1079,0,0.6846858,1
1080,1,0.5707501,0
1081,0,0.5436811,0
1082,1,0.7190878,1
1083,0,0.6808786,1
1084,0,0.590425,0
1085,0,0.5140801,0
1086,0,0.5056913,0
1087,0,0.6995624,1
1088,0,0.6800292,1
1089,0,0.72903776,1
1090,0,0.6583077,1
1091,0,0.619241,0
1092,0,0.55925995,0
1093,0,0.54422617,0
1094,0,0.50025415,0
1095,0,0.5290505,0
1096,0,0.5011616,0
1097,0,0.70487165,1
1098,0,0.5279707,0
1099,0,0.5302061,0
1100,0,0.5004742,0
1101,0,0.59684443,0
1102,0,0.72749174,1
1103,0,0.6999727,1
1104,0,0.5082543,0
1105,0,0.62010413,0
1106,0,0.51013047,0
1107,0,0.5557065,0
1108,0,0.71253234,1
1109,0,0.7242856,1
1110,0,0.5150482,0
1111,0,0.7277821,1
1112,0,0.62646705,1
1113,0,0.6156079,0
1114,0,0.5004525,0
1115,0,0.575588,0
1116,0,0.5211056,0
1117,0,0.7282654,1
1118,0,0.5017061,0
1119,0,0.72739494,1
1120,0,0.50276756,0
1121,0,0.5132949,0
1122,0,0.52759033,0
1123,0,0.5003886,0
1124,0,0.5928434,0
1125,0,0.50501615,0
1126,0,0.674801,1
1127,0,0.5020466,0
1128,0,0.72076154,1
1129,0,0.67928505,1
1130,0,0.7201715,1
1131,1,0.67082393,1
1132,0,0.50823903,0
1133,0,0.5719459,0
1134,0,0.5100389,0
1135,0,0.6709318,1
1136,0,0.5632578,0
1137,0,0.5816002,0
1138,0,0.5032672,0
1139,0,0.63883525,1
1140,0,0.53722346,0
1141,0,0.50961185,0
1142,0,0.61607003,0
1143,0,0.53288096,0
1144,0,0.71849567,1
1145,0,0.61520344,0
1146,0,0.501091,0
1147,0,0.50042677,0
1148,0,0.7237978,1
1149,0,0.67437226,1
1150,0,0.6664968,1
1151,0,0.6021786,0
1152,0,0.5019312,0
1153,0,0.66985285,1
1154,0,0.5111676,0
1155,0,0.5920181,0
1156,0,0.70426184,1
1157,0,0.6396235,1
1158,0,0.5061299,0
1159,0,0.51808906,0
1160,0,0.6303436,1
1161,0,0.729327,1
1162,0,0.5215625,0
1163,0,0.72623146,1
1164,1,0.7051763,1
1165,0,0.500535,0
1166,0,0.55335444,0
1167,0,0.5029449,0
1168,0,0.71273226,1
1169,1,0.71780384,1
1170,0,0.64310515,1
1171,0,0.6028217,0
1172,0,0.51923186,0
1173,0,0.65279496,1
1174,1,0.6722241,1
1175,0,0.728362,1
1176,0,0.55163413,0
1177,0,0.6614857,1
1178,0,0.52424246,0
1179,0,0.7255514,1
1180,0,0.72710437,1
1181,0,0.5071101,0
1182,0,0.5003681,0
1183,0,0.6108598,0
1184,0,0.50081205,0
1185,0,0.60159355,0
1186,0,0.6288634,1
1187,0,0.7060891,1
1188,0,0.5050619,0
1189,0,0.6255525,1
1190,0,0.5224306,0
1191,0,0.58195657,0
1192,0,0.50146675,0
1193,0,0.713731,1
1194,0,0.510283,0
1195,0,0.5086204,0
1196,0,0.72710437,1
1197,0,0.6966811,1
1198,0,0.5440142,0
1199,0,0.5538673,0
1200,0,0.50169945,0
1201,0,0.68056023,1
1202,0,0.5010748,0
1203,0,0.52596235,0
1204,0,0.5115717,0
1205,0,0.5474943,0
1206,0,0.7226249,1
1207,0,0.50816274,0
1208,0,0.5160925,0
1209,0,0.50043344,0
1210,0,0.6790723,1
1211,1,0.684264,1
1212,0,0.724578,1
1213,1,0.72036827,1
1214,0,0.5019016,0
1215,0,0.5391045,0
1216,0,0.52137977,0
1217,0,0.5301757,0
1218,0,0.617628,0
1219,0,0.50120735,0
1220,0,0.50055647,0
1221,1,0.70942193,1
1222,1,0.71869314,1
1223,0,0.541227,0
1224,1,0.517007,0
1225,0,0.50455844,0
1226,0,0.7192851,1
1227,0,0.5060002,0
1228,0,0.53306323,0
1229,0,0.6703925,1
1230,0,0.7111301,1
1231,0,0.6924341,1
1232,0,0.5057675,0
1233,0,0.51789093,0
1234,0,0.72115445,1
1235,0,0.5007839,0
1236,0,0.7200731,1
1237,0,0.5631978,0
1238,0,0.55450064,0
1239,1,0.72301626,1
1240,0,0.7050748,1
1241,0,0.61346817,0
1242,0,0.5001093,0
1243,0,0.70365125,1
1244,0,0.6898282,1
1245,0,0.5013361,0
1246,0,0.5006814,0
1247,0,0.6948206,1
1248,0,0.5001089,0
1249,0,0.5452857,0
1250,0,0.5005288,0
1251,0,0.5480688,0
1252,0,0.69575167,1
1253,0,0.69368047,1
1254,0,0.7107287,1
1255,0,0.6364661,1
1256,1,0.72496766,1
1257,0,0.62658125,1
1258,0,0.7208598,1
1259,0,0.7142296,1
1260,0,0.52660143,0
1261,1,0.68961924,1
1262,0,0.5307686,0
1263,1,0.714628,1
1264,0,0.5214864,0
1265,0,0.5014496,0
1266,0,0.5075258,0
1267,0,0.7050748,1
1268,0,0.5427724,0
1269,0,0.6993571,1
1270,0,0.5019683,0
1271,0,0.6843695,1
1272,0,0.67006874,1
1273,0,0.50045085,0
1274,1,0.71213204,1
1275,0,0.50453174,0
1276,0,0.60690624,0
1277,0,0.6356749,1
1278,1,0.649912,1
1279,0,0.5357665,0
1280,0,0.50077486,0
1281,0,0.7025301,1
1282,0,0.52032876,0
1283,0,0.5145833,0
1284,0,0.54797816,0
1285,0,0.50200844,0
1286,0,0.6502452,1
1287,0,0.58664125,0
1288,0,0.5289136,0
1289,0,0.5015068,0
1290,0,0.5095813,0
1291,0,0.5100618,0
1292,1,0.7281688,1
1293,0,0.5144232,0
1294,0,0.7227227,1
1295,0,0.71671456,1
1296,0,0.5024357,0
1297,0,0.5554051,0
1298,0,0.6952346,1
1299,0,0.7136312,1
1300,0,0.500371,0
1301,0,0.5225829,0
1302,0,0.5113353,0
1303,0,0.50038576,0
1304,0,0.50118923,0
1305,1,0.722527,1
1306,0,0.5008507,0
1307,0,0.52721006,0
1308,0,0.70140636,1
1309,0,0.5307686,0
1310,0,0.67896587,1
1311,0,0.50321764,0
1312,1,0.72301626,1
1313,0,0.5002482,0
1314,0,0.7292306,1
1315,0,0.5046614,0
1316,0,0.7237978,1
1317,0,0.65885663,1
1318,0,0.5208924,0
1319,0,0.65654814,1
1320,0,0.50376886,0
1321,0,0.5173118,0
1322,0,0.5690745,0
1323,0,0.6253237,1
1324,0,0.684475,1
1325,1,0.5448619,0
1326,0,0.50820845,0
1327,1,0.7255514,1
1328,0,0.6846858,1
1329,0,0.7188905,1
1330,0,0.684053,1
1331,0,0.5078729,0
1332,0,0.5062482,0
1333,0,0.69760895,1
1334,0,0.50182915,0
1335,0,0.5099474,0
1336,1,0.6502452,1
1337,1,0.71780384,1
1338,0,0.55441016,0
1339,0,0.68825895,1
1340,0,0.6296607,1
1341,1,0.7277821,1
1342,0,0.50062037,0
1343,0,0.503292,0
1344,0,0.5614553,0
1345,0,0.71552336,1
1346,1,0.54237854,0
1347,0,0.5403479,0
1348,0,0.52040493,0
1349,0,0.5015421,0
1350,0,0.5260536,0
1351,0,0.7191864,1
1352,0,0.7162186,1
1353,0,0.5092611,0
1354,0,0.5720057,0
1355,0,0.68363076,1
1356,0,0.5493687,0
1357,0,0.50064754,0
1358,0,0.5209533,0
1359,0,0.65610766,1
1360,0,0.50143814,0
1361,0,0.50026107,0
1362,1,0.72066325,1
1363,0,0.71839684,1
1364,0,0.55892897,0
1365,0,0.61306286,0
1366,0,0.5462843,0
1367,0,0.72739494,1
1368,0,0.5455884,0
1369,0,0.6804541,1
1370,0,0.7222333,1
1371,0,0.50100136,0
1372,0,0.52609926,0
1373,0,0.5075106,0
1374,0,0.72545415,1
1375,0,0.52374005,0
1376,0,0.500417,0
1377,0,0.56661814,0
1378,0,0.5872331,0
1379,0,0.57296175,0
1380,0,0.56499875,0
1381,0,0.5001904,0
1382,0,0.50985587,0
1383,0,0.52609926,0
1384,0,0.6934729,1
1385,0,0.502203,0
1386,0,0.5055921,0
1387,1,0.7282654,1
1388,0,0.53977174,0
1389,0,0.5017395,0
1390,0,0.541227,0
1391,0,0.72739494,1
1392,0,0.724578,1
1393,0,0.7088176,1
1394,0,0.5186224,0
1395,0,0.51377517,0
1396,0,0.5074267,0
1397,0,0.5084144,0
1398,0,0.5487944,0
1399,0,0.68763,1
1400,0,0.52118176,0
1401,0,0.7105279,1
1402,0,0.7212526,1
1403,0,0.50593156,0
1404,0,0.6788595,1
1405,0,0.6962682,1
1406,0,0.5128146,0
1407,0,0.5013199,0
1408,0,0.5033969,0
1409,0,0.5028324,0
1410,0,0.72026986,1
1411,0,0.7272012,1
1412,0,0.72311395,1
1413,1,0.7151257,1
1414,0,0.5031814,0
1415,0,0.5394382,0
1416,0,0.60498255,0
1417,0,0.50653803,0
1418,0,0.5570623,0
1419,0,0.51501775,0
1420,1,0.72661966,1
1421,0,0.52559716,0
1422,1,0.7272981,1
1423,0,0.5392562,0
1424,0,0.5915463,0
1425,0,0.69863796,1
1426,0,0.50125027,0
1427,1,0.7142296,1
1428,0,0.5241968,0
1429,0,0.5185767,0
1430,0,0.50679356,0
1431,0,0.50450504,0
1432,0,0.50488263,0
1433,0,0.5661385,0
1434,0,0.5000845,0
1435,0,0.6521306,1
1436,0,0.7061904,1
1437,0,0.50271416,0
1438,0,0.6897238,1
1439,0,0.7272981,1
1440,0,0.6897238,1
1441,0,0.7227227,1
1442,0,0.5185157,0
1443,0,0.5986642,0
1444,0,0.50565696,0
1445,0,0.5195823,0
1446,0,0.63883525,1
1447,0,0.62738067,1
1448,0,0.512746,0
1449,0,0.50492084,0
1450,0,0.5061757,0
1451,0,0.5932558,0
1452,0,0.6699608,1
1453,0,0.6151457,0
1454,0,0.53193885,0
1455,0,0.5017195,0
1456,0,0.5304949,0
1457,0,0.63193506,1
1458,0,0.6020031,0
1459,0,0.723993,1
1460,0,0.6621414,1
1461,0,0.70058763,1
1462,0,0.50447834,0
1463,0,0.7235049,1
1464,0,0.7163179,1
1465,0,0.55395776,0
1466,0,0.5778527,0
1467,1,0.7235049,1
1468,0,0.50284386,0
1469,0,0.5001377,0
1470,0,0.50402445,0
1471,0,0.5646987,0
1472,0,0.5417422,0
1473,0,0.58717394,0
1474,0,0.5080102,0
1475,0,0.5358879,0
1476,0,0.5050848,0
1477,0,0.5031814,0
1478,0,0.694199,1
1479,0,0.5062329,0
1480,1,0.55217755,0
1481,0,0.50575614,0
1482,0,0.5082848,0
1483,0,0.53640395,0
1484,0,0.63906056,1
1485,0,0.5750511,0
1486,0,0.7300975,1
1487,0,0.5040855,0
1488,0,0.66823107,1
1489,0,0.500535,0
1490,0,0.5167022,0
1491,0,0.5207401,0
1492,0,0.5343999,0
1493,0,0.72758853,1
1494,0,0.70578504,1
1495,0,0.5002463,0
1496,0,0.5740963,0
1497,0,0.648021,1
1498,0,0.53184766,0
1499,0,0.5012312,0
1500,0,0.52669275,0
1501,0,0.7232117,1
1502,0,0.5351288,0
1503,0,0.5092611,0
1504,0,0.55793566,0
1505,1,0.7213508,1
1506,0,0.5026741,0
1507,0,0.7237978,1
1508,0,0.7003827,1
1509,0,0.50455844,0
1510,0,0.6619229,1
1511,0,0.5093831,0
1512,0,0.6727618,1
1513,0,0.50361246,0
1514,0,0.6092336,0
1515,0,0.66551924,1
1516,0,0.70831347,1
1517,0,0.62772304,1
1518,1,0.72282064,1
1519,0,0.72026986,1
1520,0,0.7200731,1
1521,0,0.5083992,0
1522,0,0.5149873,0
1523,0,0.50460804,0
1524,0,0.72496766,1
1525,0,0.67082393,1
1526,0,0.7296161,1
1527,0,0.5006604,0
1528,0,0.50403965,0
1529,0,0.5015726,0
1530,0,0.7108291,1
1531,0,0.5012455,0
1532,0,0.5031204,0
1533,1,0.70659554,1
1534,0,0.5148272,0
1535,0,0.50831527,0
1536,0,0.57451415,0
1537,0,0.72671664,1
1538,0,0.5023632,0
1539,0,0.7212526,1
1540,0,0.5063321,0
1541,0,0.5016279,0
1542,1,0.72787875,1
1543,0,0.65962446,1
1544,1,0.71730906,1
1545,0,0.61242557,0
1546,0,0.50127983,0
1547,0,0.5002694,0
1548,0,0.722527,1
1549,0,0.50044894,0
1550,0,0.72603726,1
1551,0,0.50481015,0
1552,0,0.56685793,0
1553,0,0.5050619,0
1554,0,0.62874943,1
1555,0,0.5273013,0
1556,0,0.5047987,0
1557,0,0.55450064,0
1558,0,0.5055387,0
1559,1,0.6512439,1
1560,0,0.70416015,1
1561,0,0.5012121,0
1562,0,0.5102067,0
1563,0,0.5004816,0
1564,0,0.70871687,1
1565,0,0.6894102,1
1566,0,0.6746938,1
1567,0,0.5169765,0
1568,0,0.50032234,0
1569,0,0.5037822,0
1570,1,0.5916053,0
1571,0,0.5117471,0
1572,0,0.6662797,1
1573,0,0.51491106,0
1574,0,0.6364661,1
1575,0,0.7026321,1
1576,0,0.65445316,1
1577,0,0.5808871,0
1578,1,0.71711093,1
1579,0,0.70120186,1
1580,0,0.7268136,1
1581,0,0.61132395,0
1582,0,0.5755284,0
1583,1,0.725065,1
1584,0,0.50314325,0
1585,0,0.50041366,0
1586,1,0.71839684,1
1587,0,0.5037536,0
1588,0,0.6535693,1
1589,0,0.5003197,0
1590,0,0.72282064,1
1591,0,0.7280721,1
1592,0,0.5554051,0
1593,1,0.6679062,1
1594,0,0.503231,0
1595,0,0.72301626,1
1596,0,0.6619229,1
1597,0,0.5012264,0
1598,0,0.6491339,1
1599,0,0.7097238,1
1600,0,0.5713481,0
1601,0,0.52501875,0
1602,0,0.50432575,0
1603,0,0.5089865,0
1604,0,0.50180817,0
1605,1,0.7237978,1
1606,0,0.7217432,1
1607,1,0.692538,1
1608,0,0.5431359,0
1609,0,0.51535314,0
1610,0,0.5094365,0
1611,0,0.5044974,0
1612,0,0.7300975,1
1613,0,0.5043105,0
1614,0,0.6548947,1
1615,1,0.7092205,1
1616,0,0.70578504,1
1617,0,0.50361246,0
1618,0,0.5582969,0
1619,0,0.57618433,0
1620,0,0.56985265,0
1621,1,0.7190878,1
1622,0,0.5387709,0
1623,0,0.5002935,0
1624,0,0.729327,1
1625,0,0.61860764,0
1626,0,0.50100994,0
1627,0,0.5001904,0
1628,0,0.5000595,0
1629,0,0.60533255,0
1630,1,0.5927255,0
1631,0,0.72545415,1
1632,0,0.5054662,0
1633,0,0.50299066,0
1634,0,0.61987406,0
1635,0,0.6594051,1
1636,0,0.5013199,0
1637,0,0.72671664,1
1638,0,0.50548536,0
1639,0,0.5046271,0
1640,1,0.725065,1
1641,0,0.527925,0
1642,0,0.5548323,0
1643,0,0.59366816,0
1644,0,0.51947564,0
1645,0,0.5016537,0
1646,1,0.7198762,1
1647,0,0.5012312,0
1648,0,0.59519845,0
1649,0,0.5513322,0
1650,0,0.6951311,1
1651,1,0.7049733,1
1652,0,0.66562796,1
1653,0,0.52051157,0
1654,0,0.5049284,0
1655,0,0.58658206,0
1656,0,0.5005994,0
1657,0,0.5007224,0
1658,0,0.5733799,0
1659,0,0.5186224,0
1660,0,0.5007658,0
1661,0,0.5035705,0
1662,0,0.51044315,0
1663,0,0.68825895,1
1664,0,0.5099093,0
1665,0,0.5214102,0
1666,0,0.65951484,1
1667,0,0.72903776,1
1668,0,0.6021201,0
1669,0,0.52238494,0
1670,0,0.62360615,1
1671,0,0.6939917,1
1672,0,0.57015187,0
1673,0,0.65102214,1
1674,0,0.575588,0
1675,0,0.5005331,0
1676,0,0.5271644,0
1677,0,0.6270382,1
1678,0,0.6562178,1
1679,0,0.5118996,0
1680,0,0.6444489,1
1681,0,0.50087786,0
1682,0,0.6918097,1
1683,0,0.5348555,0
1684,0,0.52340513,0
1685,0,0.54570943,0
1686,0,0.5714677,0
1687,0,0.6790723,1
1688,0,0.5037975,0
1689,0,0.6217706,0
1690,0,0.5124181,0
1691,0,0.69904906,1
1692,0,0.61808914,0
1693,0,0.50281143,0
1694,0,0.60223705,0
1695,0,0.5005479,0
1696,0,0.50015783,0
1697,0,0.5074114,0
1698,1,0.71701187,1
1699,0,0.5014162,0
1700,0,0.581719,0
1701,0,0.65555656,1
1702,0,0.7282654,1
1703,0,0.71651626,1
1704,0,0.54355997,0
1705,0,0.5032062,0
1706,0,0.5129594,0
1707,0,0.5670977,0
1708,0,0.5615154,0
1709,0,0.52772725,0
1710,0,0.50237083,0
1711,0,0.5895392,0
1712,0,0.5479479,0
1713,1,0.7156228,1
1714,0,0.5402872,0
1715,0,0.5122808,0
1716,0,0.6136418,0
1717,1,0.70831347,1
1718,0,0.5318173,0
1719,0,0.5034751,0
1720,0,0.7236025,1
1721,0,0.5084602,0
1722,0,0.7247729,1
1723,0,0.50025105,0
1724,0,0.51127434,0
1725,0,0.6298884,1
1726,0,0.685318,1
1727,0,0.66137636,1
1728,0,0.63420355,1
1729,1,0.6393984,1
1730,1,0.7053793,1
1731,0,0.50281143,0
1732,0,0.5215321,0
1733,0,0.6281794,1
1734,0,0.50195307,0
1735,0,0.5671576,0
1736,0,0.5005226,0
1737,0,0.50942117,0
1738,0,0.5027256,0
1739,0,0.7216451,1
1740,1,0.724578,1
1741,0,0.71353143,1
1742,0,0.6583077,1
1743,0,0.5291569,0
1744,0,0.5117471,0
1745,0,0.7092205,1
1746,0,0.7246755,1
1747,0,0.72301626,1
1748,0,0.500864,0
1749,0,0.5023632,0
1750,0,0.5034084,0
1751,0,0.5009489,0
1752,0,0.50122166,0
1753,1,0.72623146,1
1754,0,0.72990495,1
1755,0,0.64131004,1
1756,0,0.52759033,0
1757,0,0.72739494,1
1758,0,0.71839684,1
1759,0,0.5614252,0
1760,0,0.5784482,0
1761,0,0.7210562,1
1762,0,0.5669778,0
1763,0,0.71671456,1
1764,0,0.5064045,0
1765,1,0.6934729,1
1766,0,0.5318781,0
1767,0,0.5016537,0
1768,0,0.5016537,0
1769,0,0.51676315,0
1770,1,0.66399586,1
1771,0,0.51255536,0
1772,0,0.50064754,0
1773,0,0.6062071,0
1774,0,0.5805304,0
1775,0,0.5014162,0
1776,0,0.5001093,0
1777,0,0.7282654,1
1778,0,0.5049589,0
1779,0,0.52965873,0
1780,0,0.7089184,1
1781,0,0.6970936,1
1782,0,0.6058573,0
1783,0,0.72282064,1
1784,0,0.51276886,0
1785,0,0.63329685,1
1786,0,0.57242405,0
1787,0,0.6043989,0
1788,0,0.52541447,0
1789,0,0.7252596,1
1790,0,0.71153116,1
1791,0,0.502695,0
1792,0,0.51110655,0
1793,0,0.50517255,0
1794,0,0.6260099,1
1795,0,0.5383765,0
1796,0,0.57104915,0
1797,0,0.5283205,0
1798,0,0.5009303,0
1799,0,0.6031724,0
1800,0,0.5559476,0
1801,1,0.7246755,1
1802,0,0.71849567,1
1803,0,0.6389479,1
1804,0,0.5017395,0
1805,0,0.59343255,0
1806,0,0.51601624,0
1807,0,0.5223545,0
1808,0,0.71253234,1
1809,0,0.5084602,0
1810,0,0.5029564,0
1811,0,0.7031419,1
1812,0,0.71032697,1
1813,0,0.6132945,0
1814,0,0.7281688,1
1815,0,0.52291787,0
1816,0,0.5035972,0
1817,0,0.50702626,0
1818,0,0.5061757,0
1819,0,0.5755284,0
1820,0,0.5646987,0
1821,0,0.67939144,1
1822,0,0.5048445,0
1823,0,0.7194822,1
1824,0,0.5068317,0
1825,0,0.501667,0
1826,0,0.5006733,0
1827,0,0.5100237,0
1828,0,0.7265227,1
1829,0,0.60387343,0
1830,0,0.5020714,0
1831,1,0.70821255,1
1832,0,0.5228722,0
1833,0,0.50875,0
1834,0,0.56517875,0
1835,0,0.5061528,0
1836,0,0.72233117,1
1837,0,0.5249731,0
1838,0,0.5094517,0
1839,0,0.7242856,1
1840,1,0.7268136,1
1841,0,0.72311395,1
1842,0,0.5049475,0
1843,0,0.52145594,0
1844,0,0.5256884,0
1845,0,0.7077078,1
1846,0,0.55326396,0
1847,0,0.50865084,0
1848,0,0.50134087,0
1849,0,0.6532375,1
1850,0,0.674265,1
1851,0,0.5103287,0
1852,0,0.7013041,1
1853,0,0.52961314,0
1854,0,0.5030479,0
1855,0,0.502779,0
1856,1,0.7282654,1
1857,0,0.6916015,1
1858,0,0.5005436,0
1859,0,0.524075,0
1860,0,0.5015545,0
1861,0,0.7166154,1
1862,0,0.57296175,0
1863,0,0.50560355,0
1864,0,0.51901853,0
1865,0,0.53123975,0
1866,0,0.516946,0
1867,0,0.51740324,0
1868,0,0.5476455,0
1869,0,0.72749174,1
1870,0,0.6493563,1
1871,0,0.58195657,0
1872,0,0.5235726,0
1873,0,0.5189271,0
1874,0,0.5935504,0
1875,0,0.62245935,1
1876,0,0.6775807,1
1877,0,0.502409,0
1878,0,0.6234915,1
1879,0,0.5057981,0
1880,0,0.53203005,0
1881,1,0.7214489,1
1882,0,0.7232117,1
1883,0,0.5014553,0
1884,0,0.65190905,1
1885,0,0.5062482,0
1886,0,0.5140573,0
1887,0,0.5340962,0
1888,0,0.5006633,0
1889,0,0.7272012,1
1890,0,0.72903776,1
1891,0,0.52323765,0
1892,0,0.5078576,0
1893,0,0.6327297,1
1894,0,0.72311395,1
1895,0,0.6451199,1
1896,0,0.50097513,0
1897,0,0.52195853,0
1898,0,0.72311395,1
1899,0,0.50512296,0
1900,0,0.5006156,0
1901,0,0.5977253,0
1902,0,0.51848525,0
1903,0,0.50009173,0
1904,0,0.57636315,0
1905,0,0.50942117,0
1906,0,0.72311395,1
1907,0,0.5700322,0
1908,0,0.64735246,1
1909,0,0.5082238,0
1910,0,0.500095,0
1911,0,0.70811164,1
1912,1,0.57862675,0
1913,0,0.50870425,0
1914,0,0.6989463,1
1915,0,0.50917715,0
1916,0,0.5017662,0
1917,0,0.5385889,0
1918,0,0.53643435,0
1919,0,0.50669056,0
1920,0,0.50321764,0
1921,0,0.50085735,0
1922,1,0.6630147,1
1923,0,0.5009899,0
1924,0,0.7213508,1
1925,0,0.5070529,0
1926,0,0.5047072,0
1927,0,0.6694208,1
1928,0,0.5146061,0
1929,0,0.64857763,1
1930,0,0.6568784,1
1931,0,0.6920179,1
1932,0,0.66909647,1
1933,0,0.63928574,1
1934,0,0.6898282,1
1935,0,0.7252596,1
1936,0,0.5202983,0
1937,0,0.5012903,0
1938,0,0.7251623,1
1939,0,0.630685,1
1940,0,0.6773673,1
1941,0,0.70324385,1
1942,0,0.51377517,0
1943,0,0.50125027,0
1944,0,0.5292634,0
1945,0,0.5641585,0
1946,0,0.50091267,0
1947,0,0.5720057,0
1948,0,0.70069003,1
1949,0,0.65610766,1
1950,0,0.5155513,0
1951,0,0.61855006,0
1952,0,0.5079492,0
1953,0,0.5007,0
1954,0,0.6807725,1
1955,0,0.5006733,0
1956,0,0.5219128,0
1957,0,0.5081475,0
1958,0,0.72574586,1
1959,0,0.5113811,0
1960,1,0.7192851,1
1961,0,0.72710437,1
1962,0,0.51491106,0
1963,0,0.50036097,0
1964,0,0.70659554,1
1965,0,0.51034397,0
1966,0,0.59343255,0
1967,0,0.71213204,1
1968,0,0.65379035,1
1969,0,0.50689656,0
1970,0,0.72066325,1
1971,0,0.5005765,0
1972,0,0.6686639,1
1973,0,0.5163973,0
1974,0,0.72076154,1
1975,0,0.5123495,0
1976,0,0.7297124,1
1977,0,0.717507,1
1978,0,0.5044631,0
1979,0,0.5007396,0
1980,0,0.7180016,1
1981,1,0.5167022,0
1982,0,0.7166154,1
1983,0,0.5003841,0
1984,0,0.5687153,0
1985,0,0.5000896,0
1986,0,0.51515496,0
1987,0,0.7295198,1
1988,1,0.64220816,1
1989,0,0.5057447,0
1990,0,0.7236025,1
1991,0,0.7229184,1
1992,0,0.5028667,0
1993,0,0.50084734,0
1994,0,0.59449244,0
1995,0,0.5007777,0
1996,1,0.51782995,0
1997,0,0.5018654,0
1998,0,0.6154924,0
1999,0,0.72026986,1
2000,1,0.6899327,1
2001,0,0.5252927,0
2002,1,0.72758853,1
2003,0,0.7277821,1
2004,1,0.7243831,1
2005,0,0.71163136,1
2006,0,0.71760595,1
2007,0,0.55682135,0
2008,0,0.5010662,0
2009,0,0.5000717,0
2010,0,0.50211143,0
2011,0,0.5270274,0
2012,0,0.5306926,0
2013,0,0.5012951,0
2014,1,0.7047701,1
2015,0,0.52961314,0
2016,0,0.61341023,0
2017,0,0.5329417,0
2018,1,0.5670977,0
2019,0,0.6845804,1
2020,0,0.7295198,1
2021,1,0.6928498,1
2022,1,0.72758853,1
2023,0,0.66432256,1
2024,0,0.5518153,0
2025,1,0.7244806,1
2026,0,0.51815,0
2027,0,0.7142296,1
2028,0,0.50030756,0
2029,0,0.5252927,0
2030,0,0.5090551,0
2031,0,0.6773673,1
2032,1,0.69368047,1
2033,0,0.5049475,0
2034,1,0.70201963,1
2035,0,0.50063753,0
2036,0,0.70679796,1
2037,0,0.71173155,1
2038,0,0.5839746,0
2039,0,0.5355843,0
2040,0,0.5105194,0
2041,1,0.7217432,1
2042,0,0.5073275,0
2043,0,0.50424564,0
2044,0,0.51469,0
2045,0,0.70140636,1
2046,0,0.66671383,1
2047,0,0.5414998,0
2048,0,0.53619146,0
2049,0,0.50014484,0
2050,0,0.5043105,0
2051,0,0.50455844,0
2052,0,0.7130322,1
2053,0,0.5021534,0
2054,0,0.67768735,1
2055,1,0.69678426,1
2056,0,0.58474547,0
2057,0,0.70212173,1
2058,0,0.51080155,0
2059,0,0.72389543,1
2060,0,0.7261344,1
2061,0,0.500916,0
2062,0,0.5696731,0
2063,0,0.5142402,0
2064,0,0.5885344,0
2065,0,0.50712156,0
2066,0,0.50893307,0
2067,0,0.6951311,1
2068,0,0.500844,0
2069,0,0.5098711,0
2070,0,0.52696663,0
2071,0,0.63148063,1
2072,0,0.5307686,0
2073,0,0.50823903,0
2074,0,0.5452252,0
2075,0,0.55624896,0
2076,0,0.51402676,0
2077,0,0.5004873,0
2078,0,0.5073542,0
2079,0,0.6101051,0
2080,0,0.7190878,1
2081,0,0.53031254,0
2082,0,0.6631238,1
2083,1,0.725843,1
2084,0,0.647018,1
2085,0,0.5591998,0
2086,0,0.68909645,1
2087,0,0.722527,1
2088,0,0.5092076,0
2089,0,0.7192851,1
2090,0,0.502552,0
2091,0,0.50376886,0
2092,0,0.6872103,1
2093,0,0.7264256,1
2094,0,0.6572085,1
2095,0,0.7237978,1
2096,0,0.50036955,0
2097,1,0.70150864,1
2098,0,0.5813625,0
2099,0,0.54985213,0
2100,0,0.5026417,0
2101,0,0.72739494,1
2102,0,0.7237002,1
2103,0,0.5006256,0
2104,0,0.7300975,1
2105,0,0.5777932,0
2106,0,0.509528,0
2107,0,0.5452252,0
2108,0,0.7191864,1
2109,0,0.52445555,0
2110,0,0.5028324,0
2111,0,0.6954414,1
2112,0,0.66366893,1
2113,0,0.702428,1
2114,0,0.5794599,0
2115,0,0.60754675,0
2116,0,0.51586384,0
2117,0,0.5261906,0
2118,0,0.6575384,1
2119,0,0.50924575,0
2120,0,0.6737286,1
2121,0,0.5067287,0
2122,0,0.5017662,0
2123,0,0.5011749,0
2124,0,0.5062215,0
2125,0,0.5567009,0
2126,0,0.5641585,0
2127,0,0.5095813,0
2128,0,0.50148964,0
2129,0,0.52316153,0
2130,0,0.5727825,0
2131,0,0.55510366,0
2132,0,0.6334103,1
2133,0,0.50181484,0
2134,0,0.50605744,0
2135,0,0.5271644,0
2136,0,0.50256157,0
2137,0,0.50062037,0
2138,0,0.71721,1
2139,1,0.72115445,1
2140,0,0.72193927,1
2141,0,0.50549674,0
2142,0,0.7294234,1
2143,0,0.7027341,1
2144,1,0.6714706,1
2145,0,0.66530186,1
2146,0,0.5005269,0
2147,0,0.5695534,0
2148,0,0.5188509,0
2149,0,0.5037975,0
2150,0,0.5835594,0
2151,1,0.5804115,0
2152,0,0.5059125,0
2153,0,0.6750153,1
2154,0,0.71977776,1
2155,0,0.50195307,0
2156,0,0.5003338,0
2157,0,0.599192,0
2158,0,0.5306166,0
2159,0,0.501524,0
2160,0,0.5061528,0
2161,0,0.5305862,0
2162,0,0.502161,0
2163,0,0.7089184,1
2164,0,0.5115946,0
2165,0,0.5173118,0
2166,0,0.55793566,0
2167,0,0.65742844,1
2168,0,0.5029564,0
2169,0,0.71432924,1
2170,0,0.50481015,0
2171,0,0.5011482,0
2172,0,0.55823666,0
2173,0,0.5526604,0
2174,0,0.72301626,1
2175,0,0.64074826,1
2176,0,0.71472764,1
2177,0,0.53111815,0
2178,0,0.52307016,0
2179,1,0.70058763,1
2180,1,0.70578504,1
2181,1,0.70911986,1
2182,0,0.6427689,1
2183,0,0.7212526,1
2184,0,0.70120186,1
2185,0,0.5005784,0
2186,0,0.5051802,0
2187,0,0.72671664,1
2188,0,0.5049971,0
2189,0,0.5042113,0
2190,0,0.542318,0
2191,0,0.506046,0
2192,0,0.6810908,1
2193,0,0.51024485,0
2194,0,0.5010214,0
2195,0,0.6041654,0
2196,0,0.71790266,1
2197,1,0.7227227,1
2198,0,0.50211906,0
2199,0,0.692122,1
2200,0,0.5149339,0
2201,0,0.56427854,0
2202,0,0.5074267,0
2203,0,0.6801355,1
2204,0,0.55278116,0
2205,0,0.51923186,0
2206,0,0.619759,0
2207,0,0.7122322,1
2208,0,0.5175709,0
2209,0,0.5075258,0
2210,0,0.68215036,1
2211,0,0.55184543,0
2212,0,0.5002737,0
2213,0,0.52058774,0
2214,0,0.5100618,0
2215,0,0.72758853,1
2216,0,0.5021286,0
2217,0,0.5455581,0
2218,0,0.6982266,1
2219,0,0.50085735,0
2220,1,0.72749174,1
2221,0,0.50085735,0
2222,0,0.51469,0
2223,0,0.5371021,0
2224,0,0.5013466,0
2225,0,0.50090885,0
2226,0,0.5011301,0
2227,0,0.50026417,0
2228,0,0.6699608,1
2229,0,0.6960617,1
2230,0,0.50198364,0
2231,0,0.7192851,1
2232,0,0.5003016,0
2233,1,0.70811164,1
2234,0,0.5870556,0
2235,0,0.5007658,0
2236,0,0.511831,0
2237,0,0.60328925,0
2238,0,0.5023899,0
2239,0,0.52307016,0
2240,0,0.5010958,0
2241,0,0.5016155,0
2242,0,0.50060606,0
2243,0,0.692226,1
2244,0,0.6371437,1
2245,0,0.53713244,0
2246,0,0.6321622,1
2247,0,0.50796443,0
2248,0,0.72758853,1
2249,0,0.5593803,0
2250,0,0.5176014,0
2251,0,0.5045661,0
2252,0,0.6999727,1
2253,0,0.68489665,1
2254,0,0.50153637,0
2255,0,0.70952255,1
2256,0,0.6338636,1
2257,0,0.5391045,0
2258,0,0.5001687,0
2259,0,0.50249285,0
2260,0,0.5024452,0
2261,0,0.55682135,0
2262,0,0.5064999,0
2263,0,0.58516043,0
2264,0,0.63204867,1
2265,0,0.50039625,0
2266,0,0.50831527,0
2267,0,0.71383077,1
2268,0,0.57612467,0
2269,0,0.7185944,1
2270,0,0.5221108,0
2271,0,0.6754436,1
2272,0,0.5003872,0
2273,0,0.65013415,1
2274,0,0.7160201,1
2275,0,0.5083992,0
2276,0,0.69904906,1
2277,0,0.58444905,0
2278,0,0.54237854,0
2279,0,0.5010624,0
2280,0,0.72301626,1
2281,0,0.5033702,0
2282,0,0.5013256,0
2283,0,0.5011978,0
2284,0,0.6981237,1
2285,0,0.52061814,0
2286,0,0.6888872,1
2287,0,0.51971936,0
2288,0,0.7287483,1
2289,0,0.54256034,0
2290,0,0.52398366,0
2291,0,0.5578754,0
2292,0,0.69750595,1
2293,0,0.7126323,1
2294,0,0.6206216,0
2295,0,0.63996106,1
2296,0,0.7252596,1
2297,0,0.6888872,1
2298,0,0.55450064,0
2299,0,0.728362,1
2300,0,0.50245476,0
2301,1,0.7077078,1
2302,0,0.5254601,0
2303,0,0.5007963,0
2304,0,0.64400125,1
2305,0,0.5036544,0
2306,0,0.5030841,0
2307,0,0.5125096,0
2308,0,0.7255514,1
2309,0,0.5703911,0
2310,0,0.5978427,0
2311,0,0.5112972,0
2312,0,0.5640985,0
2313,0,0.50156593,0
2314,0,0.72233117,1
2315,0,0.50032234,0
2316,0,0.5727228,0
2317,0,0.72535694,1
2318,0,0.5083458,0
2319,0,0.72632855,1
2320,0,0.5188509,0
2321,0,0.72632855,1
2322,0,0.7256486,1
2323,0,0.5134931,0
2324,0,0.7285552,1
2325,0,0.5066524,0
2326,0,0.5040054,0
2327,1,0.70811164,1
2328,0,0.7129322,1
2329,0,0.6311397,1
2330,0,0.50043344,0
2331,0,0.50180817,0
2332,0,0.51744896,0
2333,0,0.5043944,0
2334,0,0.502695,0
2335,0,0.50458515,0
2336,0,0.7088176,1
2337,0,0.72115445,1
2338,0,0.5118081,0
2339,0,0.5640985,0
2340,0,0.51601624,0
2341,0,0.5313918,0
2342,0,0.6551154,1
2343,0,0.6504673,1
2344,0,0.66421366,1
2345,0,0.6820445,1
2346,0,0.50410074,0
2347,0,0.5003934,0
2348,0,0.502592,0
2349,0,0.5036678,0
2350,0,0.7199747,1
2351,0,0.6369179,1
2352,0,0.5788053,0
2353,0,0.5008607,0
2354,0,0.65057826,1
2355,1,0.70659554,1
2356,0,0.52014595,0
2357,0,0.67875296,1
2358,0,0.7216451,1
2359,0,0.52492744,0
2360,0,0.50153637,0
2361,0,0.50097847,0
2362,0,0.5019016,0
2363,0,0.5192623,0
2364,0,0.5007992,0
2365,0,0.51065665,0
2366,0,0.5155208,0
2367,0,0.5122122,0
2368,0,0.7300013,1
2369,1,0.72671664,1
2370,0,0.6570985,1
2371,0,0.61254144,0
2372,0,0.5004597,0
2373,0,0.55802596,0
2374,0,0.50614136,0
2375,0,0.50514966,0
2376,0,0.6009497,0
2377,0,0.5078271,0
2378,1,0.501894,0
2379,0,0.60358137,0
2380,0,0.50552726,0
2381,0,0.7216451,1
2382,0,0.5268753,0
2383,0,0.5052107,0
2384,0,0.51535314,0
2385,0,0.5128832,0
2386,0,0.5261906,0
2387,0,0.5080712,0
2388,1,0.7191864,1
2389,0,0.7216451,1
2390,0,0.5090856,0
2391,0,0.7236025,1
2392,1,0.7265227,1
2393,0,0.5077852,0
2394,0,0.54613304,0
2395,0,0.5063778,0
2396,0,0.723993,1
2397,0,0.503725,0
2398,0,0.6951311,1
2399,0,0.5220651,0
2400,0,0.59443355,0
2401,0,0.6048658,0
2402,0,0.6254381,1
2403,0,0.5245469,0
2404,0,0.52489704,0
2405,0,0.6753365,1
2406,0,0.6723317,1
2407,0,0.6710396,1
2408,1,0.7282654,1
2409,0,0.7277821,1
2410,0,0.53209084,0
2411,0,0.50477964,0
2412,0,0.71849567,1
2413,1,0.5719459,0
2414,0,0.6103373,0
2415,1,0.5642185,0
2416,0,0.5026016,0
2417,0,0.52609926,0
2418,0,0.50578666,0
2419,0,0.5212275,0
2420,0,0.70140636,1
2421,0,0.52316153,0
2422,0,0.7280721,1
2423,0,0.54870373,0
2424,0,0.5038852,0
2425,0,0.6808786,1
2426,1,0.72700745,1
2427,0,0.6907677,1
2428,0,0.50018096,0
2429,0,0.52754474,0
2430,1,0.60632366,0
2431,0,0.724578,1
2432,0,0.61097586,0
2433,1,0.7188905,1
2434,0,0.5164278,0
2435,0,0.54507387,0
2436,0,0.50563407,0
2437,0,0.71442884,1
2438,0,0.5015602,0
2439,0,0.5514228,0
2440,0,0.51239526,0
2441,0,0.66039145,1
2442,0,0.63193506,1
2443,1,0.7163179,1
2444,0,0.5010376,0
2445,0,0.50504285,0
2446,0,0.69440633,1
2447,0,0.72545415,1
2448,0,0.5685356,0
2449,0,0.5051916,0
2450,0,0.7300013,1
2451,0,0.7272981,1
2452,0,0.71442884,1
2453,0,0.6607199,1
2454,0,0.5012264,0
2455,0,0.52230877,0
2456,0,0.6084196,0
2457,0,0.51163274,0
2458,0,0.5546514,0
2459,0,0.57481253,0
2460,1,0.7222333,1
2461,0,0.500039,0
2462,0,0.728362,1
2463,0,0.5048903,0
2464,0,0.6751224,1
2465,0,0.50045085,0
2466,0,0.62646705,1
2467,0,0.50261307,0
2468,0,0.7199747,1
2469,0,0.54955,0
2470,0,0.69657785,1
2471,0,0.6696368,1
2472,0,0.5124867,0
2473,0,0.714628,1
2474,0,0.5076822,0
2475,0,0.67854,1
2476,1,0.72311395,1
2477,0,0.5403479,0
2478,0,0.58823884,0
2479,0,0.6282934,1
2480,0,0.57654196,0
2481,0,0.50097847,0
2482,0,0.50676686,0
2483,1,0.714628,1
2484,0,0.54355997,0
2485,1,0.61242557,0
2486,0,0.5006304,0
2487,0,0.502203,0
2488,0,0.5101915,0
2489,0,0.569314,0
2490,0,0.5211513,0
2491,0,0.5009341,0
2492,1,0.72787875,1
2493,0,0.72749174,1
2494,0,0.51901853,0
2495,0,0.70466846,1
2496,0,0.70811164,1
2497,0,0.5477967,0
2498,0,0.5029106,0
2499,0,0.7105279,1
2500,0,0.5014,0
2501,0,0.7198762,1
2502,0,0.61624324,0
2503,0,0.70811164,1
2504,0,0.51805854,0
2505,0,0.5007777,0
2506,0,0.6709318,1
2507,0,0.6572085,1
2508,0,0.50399005,0
2509,0,0.52641886,0
2510,0,0.5384675,0
2511,0,0.50593156,0
2512,0,0.65190905,1
2513,0,0.50127506,0
2514,0,0.5082238,0
2515,1,0.71839684,1
2516,0,0.7232117,1
2517,0,0.5005188,0
2518,1,0.71721,1
2519,0,0.5670977,0
2520,0,0.6305712,1
2521,0,0.5178605,0
2522,0,0.5216844,0
2523,1,0.5787458,0
2524,0,0.71552336,1
2525,0,0.5138972,0
2526,0,0.7256486,1
2527,0,0.5068317,0
2528,0,0.5001329,0
2529,0,0.5152388,0
2530,0,0.5007167,0
2531,0,0.50522214,0
2532,0,0.5011978,0
2533,0,0.5461028,0
2534,0,0.6132945,0
2535,0,0.5009899,0
2536,0,0.5020466,0
2537,0,0.50429523,0
2538,0,0.5752898,0
2539,0,0.5404691,0
2540,0,0.71253234,1
2541,1,0.7281688,1
2542,0,0.5083992,0
2543,0,0.58575296,0
2544,0,0.5197499,0
2545,0,0.51947564,0
2546,0,0.56079394,0
2547,0,0.50850594,0
2548,1,0.724578,1
2549,0,0.68489665,1
2550,0,0.7272981,1
2551,0,0.5022125,0
2552,0,0.72026986,1
2553,0,0.57320064,0
2554,0,0.5028553,0
2555,0,0.7300013,1
2556,0,0.50031495,0
2557,0,0.6943027,1
2558,1,0.7246755,1
2559,1,0.71651626,1
2560,0,0.644337,1
2561,0,0.51398104,0
2562,0,0.50490934,0
2563,0,0.728362,1
2564,0,0.500142,0
2565,0,0.7000752,1
2566,0,0.65401137,1
2567,0,0.67006874,1
2568,0,0.6391732,1
2569,0,0.5325771,0
2570,0,0.72076154,1
2571,0,0.5285638,0
2572,0,0.51837856,0
2573,0,0.61201984,0
2574,0,0.53133094,0
2575,0,0.69440633,1
2576,0,0.5044974,0
2577,0,0.5028991,0
2578,0,0.6943027,1
2579,0,0.500257,0
2580,0,0.72066325,1
2581,0,0.54930824,0
2582,0,0.5074534,0
2583,0,0.50059223,0
2584,0,0.5005312,0
2585,0,0.5043944,0
2586,0,0.5016794,0
2587,0,0.5060231,0
2588,0,0.5020313,0
2589,0,0.5130281,0
2590,0,0.60603225,0
2591,0,0.69616497,1
2592,0,0.5046538,0
2593,0,0.5397111,0
2594,0,0.6999727,1
2595,0,0.65885663,1
2596,0,0.70212173,1
2597,0,0.6786465,1
2598,0,0.7190878,1
2599,0,0.7200731,1
2600,0,0.6675812,1
2601,0,0.5254601,0
2602,0,0.50034165,0
2603,0,0.5031318,0
2604,0,0.5371931,0
2605,0,0.56535876,0
2606,0,0.7272981,1
2607,0,0.5061528,0
2608,0,0.50963473,0
2609,0,0.7106283,1
2610,0,0.7281688,1
2611,0,0.5078271,0
2612,0,0.5001459,0
2613,0,0.5078004,0
2614,0,0.7242856,1
2615,0,0.5226286,0
2616,0,0.5519059,0
2617,0,0.6453435,1
2618,1,0.72661966,1
2619,0,0.51044315,0
2620,0,0.7282654,1
2621,0,0.725065,1
2622,0,0.5026741,0
2623,0,0.7261344,1
2624,0,0.5013199,0
2625,0,0.7240906,1
2626,0,0.61947125,0
2627,0,0.5757669,0
2628,0,0.68130285,1
2629,0,0.50206375,0
2630,0,0.54942906,0
2631,0,0.53376204,0
2632,0,0.6631238,1
2633,0,0.552932,0
2634,0,0.5014324,0
2635,0,0.5850419,0
2636,0,0.54374164,0
2637,0,0.5016098,0
2638,0,0.5121207,0
2639,0,0.6744794,1
2640,0,0.71849567,1
2641,0,0.6898282,1
2642,0,0.52180624,0
2643,0,0.7200731,1
2644,0,0.72115445,1
2645,1,0.7240906,1
2646,0,0.5026417,0
2647,1,0.70069003,1
2648,0,0.50756776,0
2649,0,0.50992453,0
2650,0,0.50453174,0
2651,1,0.7279754,1
2652,0,0.690246,1
2653,0,0.5007839,0
2654,0,0.50276756,0
2655,0,0.53509843,0
2656,0,0.7300013,1
2657,0,0.52471435,0
2658,0,0.5005331,0
2659,0,0.50211906,0
2660,0,0.58604914,0
2661,0,0.6334103,1
2662,0,0.5015125,0
2663,1,0.7292306,1
2664,0,0.67168593,1
2665,0,0.512441,0
2666,0,0.50595444,0
2667,0,0.50016284,0
2668,0,0.72026986,1
2669,0,0.6513549,1
2670,0,0.55178505,0
2671,0,0.54970104,0
2672,0,0.5270274,0
2673,0,0.7276853,1
2674,0,0.72115445,1
2675,0,0.7291342,1
2676,0,0.7300975,1
2677,0,0.5279707,0
2678,0,0.5014267,0
2679,0,0.68056023,1
2680,0,0.5430753,0
2681,0,0.5045928,0
2682,0,0.50712156,0
2683,0,0.5009055,0
2684,0,0.507625,0
2685,0,0.50046325,0
2686,0,0.63996106,1
2687,0,0.5029449,0
2688,0,0.64500815,1
2689,0,0.50184345,0
2690,0,0.72894126,1
2691,0,0.7220373,1
2692,0,0.71032697,1
2693,0,0.5420755,0
2694,0,0.7281688,1
2695,1,0.72242916,1
2696,0,0.70079243,1
2697,0,0.5148272,0
2698,0,0.60690624,0
2699,1,0.72193927,1
2700,0,0.6992544,1
2701,0,0.5014839,0
2702,0,0.71393055,1
2703,0,0.5055196,0
2704,0,0.5034351,0
2705,0,0.50219536,0
2706,0,0.56787676,0
2707,0,0.50127506,0
2708,0,0.5017805,0
2709,0,0.51013047,0
2710,0,0.5024452,0
2711,0,0.6796041,1
2712,0,0.7243831,1
2713,0,0.6861598,1
2714,0,0.6688803,1
2715,0,0.5119225,0
2716,0,0.6338636,1
2717,0,0.641647,1
2718,1,0.6436653,1
2719,0,0.5046271,0
2720,0,0.50010806,0
2721,0,0.59508085,0
2722,0,0.71790266,1
2723,0,0.64712954,1
2724,0,0.52424246,0
2725,0,0.64243245,1
2726,0,0.54083294,0
2727,0,0.5408632,0
2728,0,0.50697666,0
2729,0,0.51127434,0
2730,0,0.603815,0
2731,0,0.7261344,1
2732,0,0.5268753,0
2733,0,0.7279754,1
2734,0,0.7232117,1
2735,0,0.6684475,1
2736,0,0.53379244,0
2737,0,0.6572085,1
2738,0,0.54664737,0
2739,0,0.7129322,1
2740,0,0.53591824,0
2741,0,0.7210562,1
2742,0,0.6887825,1
2743,0,0.649912,1
2744,0,0.50025606,0
2745,0,0.5174795,0
2746,0,0.72661966,1
2747,1,0.7272981,1
2748,0,0.7136312,1
2749,0,0.53096616,0
2750,0,0.5365254,0
2751,0,0.5000832,0
2752,0,0.62050664,0
2753,0,0.6410854,1
2754,0,0.52471435,0
2755,0,0.5153227,0
2756,0,0.71243227,1
2757,0,0.500864,0
2758,0,0.52424246,0
2759,0,0.5281228,0
2760,0,0.66747284,1
2761,1,0.71869314,1
2762,0,0.5055196,0
2763,1,0.72282064,1
2764,0,0.64646024,1
2765,0,0.65013415,1
2766,0,0.70851517,1
2767,0,0.5799952,0
2768,0,0.5084144,0
2769,0,0.6709318,1
2770,0,0.50249285,0
2771,0,0.5003052,0
2772,0,0.54994273,0
2773,1,0.7130322,1
2774,0,0.69357675,1
2775,0,0.57057065,0
2776,0,0.65279496,1
2777,0,0.72623146,1
2778,0,0.50586677,0
2779,0,0.5781505,0
2780,0,0.60264635,0
2781,0,0.7208598,1
2782,0,0.5023804,0
2783,0,0.57540905,0
2784,0,0.7237978,1
2785,0,0.50089836,0
2786,0,0.50427616,0
2787,0,0.54513437,0
2788,0,0.5643386,0
2789,0,0.5056913,0
2790,0,0.50791866,0
2791,0,0.72990495,1
2792,0,0.7050748,1
2793,0,0.504978,0
2794,1,0.7218412,1
2795,0,0.55275095,0
2796,0,0.51874423,0
2797,0,0.500304,0
2798,0,0.5046805,0
2799,0,0.5827285,0
2800,0,0.5001465,0
2801,0,0.7282654,1
2802,0,0.7001778,1
2803,0,0.5941392,0
2804,0,0.5646987,0
2805,0,0.572185,0
2806,0,0.5030479,0
2807,0,0.52398366,0
2808,0,0.5072589,0
2809,0,0.60293865,0
2810,0,0.5049284,0
2811,0,0.516946,0
2812,0,0.53479475,0
2813,0,0.51463664,0
2814,0,0.52623624,0
2815,0,0.68920106,1
2816,0,0.50384134,0
2817,0,0.5024643,0
2818,1,0.72671664,1
2819,0,0.5165802,0
2820,0,0.50219536,0
2821,1,0.72056496,1
2822,0,0.500214,0
2823,0,0.5026836,0
2824,0,0.5007868,0
2825,0,0.7213508,1
2826,0,0.5018654,0
2827,1,0.6765131,1
2828,0,0.5292634,0
2829,0,0.725843,1
2830,0,0.69378424,1
2831,0,0.50192356,0
2832,0,0.5090551,0
2833,0,0.6183772,0
2834,0,0.72095805,1
2835,0,0.5141335,0
2836,1,0.71839684,1
2837,0,0.6807725,1
2838,0,0.6646491,1
2839,0,0.50709486,0
2840,0,0.50256157,0
2841,0,0.54256034,0
2842,0,0.5035972,0
2843,0,0.5914873,0
2844,0,0.5940215,0
2845,0,0.51529217,0
2846,0,0.6206216,0
2847,0,0.5063664,0
2848,0,0.50123596,0
2849,0,0.5096729,0
2850,0,0.50117016,0
2851,0,0.5062482,0
2852,0,0.65522575,1
2853,0,0.50630534,0
2854,0,0.5549529,0
2855,0,0.50390047,0
2856,0,0.59425694,0
2857,0,0.62337685,1
2858,0,0.52725565,0
2859,0,0.5026016,0
2860,0,0.50029016,0
2861,0,0.69760895,1
2862,0,0.53786075,0
2863,0,0.52476,0
2864,0,0.57934093,0
2865,0,0.5443473,0
2866,0,0.5031681,0
2867,0,0.50143814,0
2868,0,0.59837085,0
2869,0,0.7152251,1
2870,0,0.5717666,0
2871,0,0.52118176,0
2872,0,0.7000752,1
2873,0,0.5001888,0
2874,0,0.50370973,0
2875,1,0.722527,1
2876,0,0.5019683,0
2877,0,0.55603796,0
2878,0,0.71721,1
2879,0,0.5917232,0
2880,0,0.5000648,0
2881,0,0.5102296,0
2882,0,0.50107,0
2883,0,0.5030365,0
2884,0,0.5009637,0
2885,0,0.5316653,0
2886,0,0.51606196,0
2887,1,0.5974318,0
2888,0,0.5028,0
2889,0,0.50027037,0
2890,0,0.5051916,0
2891,0,0.7208598,1
2892,0,0.6302299,1
2893,0,0.50358385,0
2894,0,0.54945934,0
2895,0,0.5024738,0
2896,1,0.6419837,1
2897,1,0.72154707,1
2898,0,0.6837363,1
2899,0,0.51402676,0
2900,0,0.7210562,1
2901,0,0.5164583,0
2902,0,0.72095805,1
2903,0,0.5055921,0
2904,0,0.60591567,0
2905,0,0.5606135,0
2906,0,0.5016031,0
2907,0,0.50090885,0
2908,0,0.52836615,0
2909,0,0.50884914,0
2910,0,0.5808871,0
2911,0,0.500731,0
2912,0,0.624179,1
2913,0,0.5111447,0
2914,0,0.51772326,0
2915,0,0.66508436,1
2916,0,0.6932653,1
2917,0,0.5104813,0
2918,0,0.5045661,0
2919,0,0.5481293,0
2920,0,0.6798167,1
2921,0,0.50015783,0
2922,1,0.694199,1
2923,0,0.6202192,0
2924,0,0.71133065,1
2925,1,0.7019174,1
2926,0,0.7180016,1
2927,0,0.51772326,0
2928,0,0.50873476,0
2929,0,0.51262397,0
2930,0,0.5244099,0
2931,0,0.7297124,1
2932,0,0.71611935,1
2933,0,0.60498255,0
2934,0,0.6719013,1
2935,0,0.7088176,1
2936,0,0.6635599,1
2937,0,0.50399005,0
2938,0,0.5542895,0
2939,0,0.6481324,1
2940,0,0.5637383,0
2941,0,0.5192014,0
2942,0,0.5033969,0
2943,0,0.50890255,0
2944,0,0.50690794,0
2945,0,0.5022297,0
2946,0,0.7280721,1
2947,0,0.504753,0
2948,0,0.69884354,1
2949,0,0.50776994,0
2950,1,0.725843,1
2951,0,0.5378304,0
2952,0,0.6955449,1
2953,0,0.5016098,0
2954,0,0.5694337,0
2955,0,0.5977253,0
2956,0,0.6859495,1
2957,0,0.5051611,0
2958,0,0.50651515,0
2959,0,0.50965,0
2960,0,0.52880716,0
2961,0,0.500927,0
2962,1,0.71839684,1
2963,0,0.50134087,0
2964,0,0.5019312,0
2965,0,0.5204354,0
2966,0,0.7272981,1
2967,0,0.5061985,0
2968,0,0.72632855,1
2969,0,0.6861598,1
2970,1,0.72603726,1
2971,0,0.51436985,0
2972,0,0.50427616,0
2973,0,0.6420959,1
2974,0,0.5152388,0
2975,0,0.527925,0
2976,0,0.5112972,0
2977,0,0.50042176,0
2978,0,0.59472775,0
2979,0,0.5012312,0
2980,0,0.5180128,0
2981,1,0.7236025,1
2982,0,0.6703925,1
2983,0,0.7195807,1
2984,0,0.59825355,0
2985,0,0.6843695,1
2986,0,0.597784,0
2987,0,0.7187918,1
2988,0,0.503292,0
2989,0,0.50555015,0
2990,0,0.50875,0
2991,1,0.7049733,1
2992,0,0.5065266,0
2993,0,0.5029449,0
2994,0,0.7242856,1
2995,0,0.5123495,0
2996,0,0.51691556,0
2997,0,0.50543576,0
2998,0,0.5021362,0
2999,0,0.6928498,1
3000,0,0.6145097,0
3001,1,0.68825895,1
3002,0,0.50300217,0
3003,0,0.5005269,0
3004,0,0.50086737,0
3005,0,0.58670044,0
3006,0,0.5011568,0
3007,0,0.71472764,1
3008,0,0.5087195,0
3009,0,0.5002123,0
3010,0,0.6307987,1
3011,0,0.58545667,0
3012,0,0.6972998,1
3013,0,0.6020031,0
3014,0,0.7151257,1
3015,0,0.58906645,0
3016,0,0.50628245,0
3017,0,0.5124867,0
3018,0,0.72574586,1
3019,0,0.50124073,0
3020,0,0.5007086,0
3021,0,0.7272981,1
3022,0,0.51026773,0
3023,1,0.5506376,0
3024,0,0.71102977,1
3025,0,0.5009303,0
3026,0,0.65168744,1
3027,1,0.72115445,1
3028,0,0.6943027,1
3029,0,0.58385605,0
3030,0,0.71452844,1
3031,1,0.7152251,1
3032,0,0.5209533,0
3033,0,0.6855286,1
3034,0,0.6800292,1
3035,0,0.65577704,1
3036,0,0.5163364,0
3037,0,0.5009341,0
3038,0,0.60859406,0
3039,0,0.684475,1
3040,0,0.5004456,0
3041,0,0.5021286,0
3042,0,0.6771539,1
3043,1,0.7248703,1
3044,0,0.6179162,0
3045,0,0.50258255,0
3046,0,0.50250244,0
3047,0,0.7122322,1
3048,0,0.50088453,0
3049,0,0.5105194,0
3050,0,0.6735139,1
3051,0,0.5038852,0
3052,0,0.50493985,0
3053,1,0.57660156,0
3054,0,0.6583077,1
3055,0,0.5097415,0
3056,0,0.5030956,0
3057,0,0.5111676,0
3058,0,0.7180016,1
3059,0,0.5008278,0
3060,0,0.51936895,0
3061,0,0.5016346,0
3062,1,0.7295198,1
3063,0,0.7265227,1
3064,0,0.5027256,0
3065,0,0.62337685,1
3066,0,0.5061185,0
3067,0,0.62360615,1
3068,0,0.7047701,1
3069,0,0.50427616,0
3070,0,0.52841175,0
3071,0,0.5463146,0
3072,0,0.713731,1
3073,0,0.53239477,0
3074,0,0.7064943,1
3075,0,0.64400125,1
3076,0,0.503292,0
3077,0,0.5013838,0
3078,0,0.52707314,0
3079,0,0.50021994,0
3080,1,0.71711093,1
3081,0,0.50471866,0
3082,0,0.54737335,0
3083,0,0.506702,0
3084,0,0.5077127,0
3085,0,0.72749174,1
3086,0,0.50211906,0
3087,0,0.5208924,0
3088,0,0.69097626,1
3089,0,0.506702,0
3090,0,0.5201155,0
3091,0,0.50985587,0
3092,0,0.67006874,1
3093,0,0.6080124,0
3094,0,0.5121665,0
3095,0,0.5013361,0
3096,0,0.50567985,0
3097,0,0.6943027,1
3098,1,0.7076068,1
3099,0,0.5912513,0
3100,0,0.5006013,0
3101,0,0.7051763,1
3102,0,0.51667166,0
3103,0,0.5818378,0
3104,0,0.723993,1
3105,0,0.50432575,0
3106,0,0.69699055,1
3107,0,0.5744545,0
3108,0,0.5013256,0
3109,0,0.51013047,0
3110,0,0.6445608,1
3111,0,0.558327,0
3112,0,0.72787875,1
3113,0,0.66225064,1
3114,0,0.72787875,1
3115,0,0.6897238,1
3116,0,0.5036258,0
3117,0,0.5349466,0
3118,0,0.504116,0
3119,0,0.500916,0
3120,0,0.6739432,1
3121,0,0.66617113,1
3122,0,0.61254144,0
3123,0,0.72739494,1
3124,0,0.7188905,1
3125,0,0.64968973,1
3126,1,0.6952346,1
3127,0,0.69564825,1
3128,0,0.51034397,0
3129,0,0.5455581,0
3130,0,0.5157266,0
3131,0,0.6831025,1
3132,0,0.5134245,0
3133,1,0.73028994,1
3134,0,0.5053632,0
3135,0,0.69699055,1
3136,0,0.6709318,1
3137,0,0.5265101,0
3138,0,0.6466834,1
3139,0,0.70069003,1
3140,1,0.72845864,1
3141,0,0.53995365,0
3142,0,0.72749174,1
3143,0,0.717408,1
3144,0,0.72865176,1
3145,0,0.5259167,0
3146,0,0.65654814,1
3147,0,0.7234072,1
3148,0,0.674265,1
3149,0,0.51007706,0
3150,0,0.5016155,0
3151,0,0.53400505,0
3152,0,0.5325771,0
3153,0,0.5030841,0
3154,0,0.58788395,0
3155,0,0.6677979,1
3156,0,0.50816274,0
3157,0,0.6219428,0
3158,0,0.5034217,0
3159,1,0.713132,1
3160,0,0.57755494,0
3161,0,0.52230877,0
3162,0,0.59678566,0
3163,0,0.515437,0
3164,0,0.71143085,1
3165,0,0.67319167,1
3166,0,0.72632855,1
3167,0,0.520085,0
3168,0,0.5021782,0
3169,0,0.52282655,0
3170,1,0.50427616,0
3171,0,0.60830325,0
3172,0,0.6584175,1
3173,0,0.7058864,1
3174,0,0.50020826,0
3175,0,0.5087195,0
3176,0,0.50153065,0
3177,0,0.5343695,0
3178,0,0.6949242,1
3179,1,0.7248703,1
3180,0,0.5023346,0
3181,0,0.5006304,0
3182,0,0.7236025,1
3183,0,0.50127506,0
3184,0,0.5154065,0
3185,0,0.6858443,1
3186,0,0.5012312,0
3187,0,0.51772326,0
3188,0,0.5013838,0
3189,0,0.5169765,0
3190,1,0.55718285,0
3191,1,0.500535,0
3192,1,0.71582144,1
3193,0,0.6916015,1
3194,0,0.5438022,0
3195,0,0.5182871,0
3196,0,0.7294234,1
3197,0,0.6932653,1
3198,0,0.53038853,0
3199,0,0.50519925,0
3200,0,0.5813625,0
3201,0,0.5033054,0
3202,0,0.7242856,1
3203,0,0.702428,1
3204,0,0.6378207,1
3205,0,0.72535694,1
3206,0,0.50849074,0
3207,0,0.71173155,1
3208,0,0.7148271,1
3209,0,0.5059888,0
3210,0,0.71760595,1
3211,0,0.52223265,0
3212,0,0.50063276,0
3213,0,0.505615,0
3214,0,0.51398104,0
3215,0,0.6827853,1
3216,0,0.6276089,1
3217,0,0.6972998,1
3218,0,0.7168137,1
3219,0,0.50651515,0
3220,0,0.6080124,0
3221,1,0.7297124,1
3222,0,0.67329913,1
3223,0,0.7019174,1
3224,0,0.5046538,0
3225,0,0.7285552,1
3226,0,0.619759,0
3227,0,0.50012684,0
3228,1,0.72594017,1
3229,0,0.7279754,1
3230,0,0.6820445,1
3231,0,0.65057826,1
3232,0,0.5018873,0
3233,0,0.7288448,1
3234,0,0.5254601,0
3235,0,0.50605744,0
3236,0,0.7181004,1
3237,0,0.5213036,0
3238,0,0.6420959,1
3239,0,0.607896,0
3240,0,0.5016537,0
3241,0,0.54573965,0
3242,0,0.7097238,1
3243,0,0.6062071,0
3244,0,0.64400125,1
3245,0,0.53043413,0
3246,0,0.5205572,0
3247,0,0.6016521,0
3248,0,0.5027466,0
3249,0,0.50179386,0
3250,0,0.7181004,1
3251,0,0.51676315,0
3252,0,0.7292306,1
3253,0,0.51740324,0
3254,0,0.5009823,0
3255,0,0.5050352,0
3256,0,0.61074376,0
3257,0,0.6689884,1
3258,0,0.7182981,1
3259,0,0.5505167,0
3260,1,0.6261242,1
3261,0,0.5015421,0
3262,0,0.5014725,0
3263,0,0.50056076,0
3264,0,0.519826,0
3265,0,0.5666781,0
3266,0,0.6981237,1
3267,0,0.50030756,0
3268,1,0.72603726,1
3269,1,0.72301626,1
3270,0,0.57326037,0
3271,0,0.56985265,0
3272,0,0.50034165,0
3273,0,0.5192928,0
3274,0,0.6753365,1
3275,0,0.51080155,0
3276,0,0.7244806,1
3277,0,0.56949353,0
3278,0,0.570451,0
3279,0,0.61236763,0
3280,0,0.66017234,1
3281,0,0.50875,0
3282,0,0.690872,1
3283,0,0.5647587,0
3284,0,0.5252927,0
3285,0,0.7220373,1
3286,0,0.60678977,0
3287,0,0.55302256,0
3288,0,0.7210562,1
3289,0,0.70426184,1
3290,0,0.63725656,1
3291,0,0.72990495,1
3292,0,0.7246755,1
3293,0,0.6212537,0
3294,1,0.7227227,1
3295,0,0.717408,1
3296,0,0.50694996,0
3297,0,0.6573185,1
3298,0,0.7252596,1
3299,0,0.54437757,0
3300,0,0.61265737,0
3301,0,0.5093297,0
3302,0,0.66551924,1
3303,0,0.7026321,1
3304,0,0.5202526,0
3305,0,0.5034351,0
3306,0,0.7033458,1
3307,0,0.5267384,0
3308,0,0.5003841,0
3309,0,0.50249285,0
3310,1,0.7272012,1
3311,0,0.7191864,1
3312,1,0.72671664,1
3313,0,0.50447834,0
3314,0,0.68899184,1
3315,0,0.50493985,0
3316,0,0.7199747,1
3317,0,0.5044974,0
3318,0,0.51636684,0
3319,1,0.72710437,1
3320,0,0.5771379,0
3321,0,0.6286354,1
3322,0,0.51092356,0
3323,0,0.6415346,1
3324,0,0.5019169,0
3325,0,0.5028,0
3326,0,0.7150262,1
3327,0,0.53400505,0
3328,0,0.6868954,1
3329,0,0.5383765,0
3330,0,0.5201155,0
3331,0,0.5616056,0
3332,0,0.72787875,1
3333,0,0.6444489,1
3334,0,0.50032496,0
3335,0,0.5402569,0
3336,0,0.5000939,0
3337,0,0.5153227,0
3338,0,0.67071617,1
3339,0,0.5093144,0
3340,0,0.5125325,0
3341,0,0.61207783,0
3342,0,0.51535314,0
3343,1,0.71711093,1
3344,0,0.67265433,1
3345,0,0.7163179,1
3346,0,0.7003827,1
3347,0,0.71383077,1
3348,0,0.52255243,0
3349,0,0.5287159,0
3350,0,0.7213508,1
3351,0,0.6208515,0
3352,0,0.6008912,0
3353,0,0.72574586,1
3354,0,0.50110817,0
3355,0,0.5619361,0
3356,0,0.61410475,0
3357,0,0.7285552,1
3358,0,0.5084602,0
3359,0,0.6663882,1
3360,0,0.54010534,0
3361,0,0.50091267,0
3362,0,0.619241,0
3363,0,0.72389543,1
3364,0,0.50114346,0
3365,0,0.5551941,0
3366,0,0.5075525,0
3367,0,0.5890073,0
3368,0,0.5029335,0
3369,0,0.6423203,1
3370,0,0.5061757,0
3371,0,0.51096165,0
3372,0,0.5012121,0
3373,0,0.5118996,0
3374,0,0.5019683,0
3375,0,0.72671664,1
3376,1,0.5386799,0
3377,0,0.7296161,1
3378,0,0.56949353,0
3379,0,0.50070286,0
3380,0,0.5011749,0
3381,0,0.51196826,0
3382,0,0.7194822,1
3383,0,0.50533277,0
3384,0,0.5561887,0
3385,0,0.504547,0
3386,0,0.57349926,0
3387,0,0.50041366,0
3388,0,0.722527,1
3389,0,0.56901467,0
3390,0,0.6751224,1
3391,0,0.5078576,0
3392,0,0.50603455,0
3393,0,0.5153227,0
3394,0,0.5002663,0
3395,0,0.50216866,0
3396,0,0.50870425,0
3397,0,0.7150262,1
3398,0,0.549006,0
3399,0,0.5042609,0
3400,0,0.7236025,1
3401,0,0.50015354,0
3402,0,0.55326396,0
3403,0,0.5398324,0
3404,0,0.50250244,0
3405,0,0.68794453,1
3406,0,0.5131043,0
3407,0,0.5994851,0
3408,0,0.5033321,0
3409,0,0.5046996,0
3410,0,0.5001874,0
3411,0,0.5967269,0
3412,0,0.5258254,0
3413,0,0.7070003,1
3414,0,0.50731224,0
3415,0,0.7193836,1
3416,0,0.66443145,1
3417,0,0.7195807,1
3418,0,0.50044894,0
3419,0,0.5158943,0
3420,0,0.50253296,0
3421,0,0.5017662,0
3422,0,0.5481293,0
3423,0,0.6178009,0
3424,0,0.5065495,0
3425,0,0.5006633,0
3426,1,0.5031318,0
3427,0,0.5503959,0
3428,0,0.5065266,0
3429,0,0.5235269,0
3430,0,0.50714827,0
3431,0,0.68920106,1
3432,0,0.5228722,0
3433,0,0.50419605,0
3434,0,0.6000712,0
3435,1,0.7153245,1
3436,0,0.70385486,1
3437,0,0.64310515,1
3438,1,0.70851517,1
3439,0,0.71092945,1
3440,0,0.7272981,1
3441,0,0.57397693,0
3442,0,0.68162084,1
3443,0,0.5004761,0
3444,0,0.50284386,0
3445,0,0.55661047,0
3446,0,0.5034618,0
3447,0,0.5350681,0
3448,0,0.5165497,0
3449,0,0.7265227,1
3450,0,0.50037813,0
3451,0,0.5044097,0
3452,0,0.5058095,0
3453,0,0.51463664,0
3454,0,0.7291342,1
3455,0,0.7294234,1
3456,0,0.507583,0
3457,0,0.6663882,1
3458,0,0.60293865,0
3459,0,0.51352364,0
3460,0,0.58148134,0
3461,0,0.5516945,0
3462,0,0.5138972,0
3463,0,0.69699055,1
3464,0,0.6579781,1
3465,1,0.722527,1
3466,0,0.5091924,0
3467,0,0.50870425,0
3468,0,0.63204867,1
3469,0,0.51045835,0
3470,0,0.5148272,0
3471,0,0.5032062,0
3472,0,0.5158943,0
3473,0,0.70150864,1
3474,0,0.5011387,0
3475,0,0.55564624,0
3476,0,0.61555016,0
3477,0,0.55244917,0
3478,0,0.5051039,0
3479,0,0.5085212,0
3480,0,0.5126468,0
3481,0,0.50235367,0
3482,0,0.65013415,1
3483,0,0.50065804,0
3484,0,0.64187145,1
3485,1,0.72758853,1
3486,0,0.5278337,0
3487,0,0.7213508,1
3488,0,0.50776994,0
3489,0,0.50895596,0
3490,0,0.6087685,0
3491,0,0.68299675,1
3492,0,0.5366468,0
3493,0,0.5010576,0
3494,0,0.51382095,0
3495,0,0.6054492,0
3496,0,0.7300013,1
3497,0,0.50022864,0
3498,0,0.54516464,0
3499,0,0.52541447,0
3500,0,0.6886778,1
3501,0,0.6724393,1
3502,0,0.5032425,0
3503,0,0.50756776,0
3504,0,0.504444,0
3505,1,0.6993571,1
3506,0,0.6337503,1
3507,0,0.5333367,0
3508,0,0.5987815,0
3509,0,0.51837856,0
3510,0,0.5000973,0
3511,0,0.50060606,0
3512,0,0.5290049,0
3513,0,0.5035152,0
3514,0,0.5187138,0
3515,0,0.5010662,0
3516,0,0.6541219,1
3517,0,0.7282654,1
3518,0,0.5032806,0
3519,0,0.51507115,0
3520,0,0.5031814,0
3521,0,0.61410475,0
3522,0,0.5881797,0
3523,1,0.7256486,1
3524,0,0.5039291,0
3525,0,0.5006604,0
3526,0,0.50169945,0
3527,0,0.5180128,0
3528,0,0.70831347,1
3529,0,0.50284386,0
3530,0,0.69987017,1
3531,0,0.68489665,1
3532,0,0.5020714,0
3533,0,0.6124835,0
3534,0,0.5001881,0
3535,0,0.71701187,1
3536,0,0.50020266,0
3537,0,0.7243831,1
3538,0,0.5108778,0
3539,0,0.5969619,0
3540,0,0.71721,1
3541,0,0.5015907,0
3542,0,0.5045737,0
3543,0,0.5126468,0
3544,0,0.5118767,0
3545,0,0.6354487,1
3546,0,0.70568365,1
3547,0,0.53318477,0
3548,0,0.519826,0
3549,0,0.72845864,1
3550,0,0.6715783,1
3551,1,0.6714706,1
3552,0,0.5080559,0
3553,0,0.72671664,1
3554,0,0.6880493,1
3555,0,0.723993,1
3556,0,0.6217706,0
3557,0,0.5056684,0
3558,0,0.7106283,1
3559,0,0.5910743,0
3560,0,0.70416015,1
3561,0,0.70365125,1
3562,0,0.5414392,0
3563,0,0.50883394,0
3564,0,0.5294611,0
3565,0,0.6633419,1
3566,0,0.72632855,1
3567,0,0.5028667,0
3568,0,0.7090191,1
3569,1,0.72700745,1
3570,0,0.5213036,0
3571,0,0.6009497,0
3572,0,0.641647,1
3573,0,0.524623,0
3574,0,0.50301355,0
3575,0,0.5023899,0
3576,0,0.7185944,1
3577,0,0.555586,0
3578,0,0.5009823,0
3579,1,0.5019312,0
3580,1,0.7237002,1
3581,0,0.5012598,0
3582,0,0.6796041,1
3583,0,0.6855286,1
3584,0,0.50376886,0
3585,0,0.5196432,0
3586,0,0.5016155,0
3587,0,0.65588725,1
3588,0,0.6955449,1
3589,0,0.50116634,0
3590,0,0.50077486,0
3591,0,0.52424246,0
3592,0,0.50125027,0
3593,0,0.5044097,0
3594,0,0.54301476,0
3595,0,0.50418085,0
3596,0,0.7246755,1
3597,0,0.5058553,0
3598,0,0.504116,0
3599,0,0.5661984,0
3600,0,0.51392764,0
3601,0,0.5060231,0
3602,0,0.5020237,0
3603,0,0.71651626,1
3604,0,0.5824317,0
3605,0,0.6970936,1
3606,0,0.52787936,0
3607,0,0.5032425,0
3608,0,0.59825355,0
3609,0,0.50469196,0
3610,0,0.501647,0
3611,0,0.7288448,1
3612,0,0.5005007,0
3613,0,0.5007992,0
3614,0,0.50734276,0
3615,0,0.5019683,0
3616,0,0.5063664,0
3617,0,0.5014839,0
3618,0,0.5186833,0
3619,0,0.502592,0
3620,0,0.6843695,1
3621,0,0.5246687,0
3622,1,0.71183175,1
3623,0,0.7287483,1
3624,0,0.5241968,0
3625,0,0.52609926,0
3626,0,0.50577515,0
3627,0,0.50192356,0
3628,0,0.50410074,0
3629,0,0.59337366,0
3630,0,0.6687721,1
3631,0,0.50447834,0
3632,0,0.50082445,0
3633,0,0.7243831,1
3634,0,0.6108598,0
3635,0,0.5014,0
3636,0,0.6348829,1
3637,0,0.5525699,0
3638,0,0.5137218,0
3639,0,0.5000226,0
3640,0,0.6345433,1
3641,0,0.5881797,0
3642,0,0.51627535,0
3643,0,0.7182981,1
3644,0,0.66377795,1
3645,0,0.51170135,0
3646,0,0.50507337,0
3647,0,0.59537494,0
3648,0,0.54728264,0
3649,0,0.6184348,0
3650,0,0.52501875,0
3651,0,0.5002216,0
3652,0,0.5060956,0
3653,0,0.6005984,0
3654,0,0.6562178,1
3655,0,0.7169128,1
3656,0,0.5176623,0
3657,0,0.50442874,0
3658,0,0.5006709,0
3659,0,0.5058439,0
3660,0,0.5029564,0
3661,0,0.5034351,0
3662,0,0.5013838,0
3663,0,0.6762993,1
3664,0,0.7191864,1
3665,0,0.5115946,0
3666,0,0.60346454,0
3667,1,0.70324385,1
3668,0,0.5124867,0
3669,0,0.50031734,0
3670,0,0.50402445,0
3671,0,0.5010624,0
3672,0,0.7232117,1
3673,0,0.5431662,0
3674,0,0.509017,0
3675,0,0.7279754,1
3676,0,0.5669179,0
3677,0,0.6226888,1
3678,0,0.51996315,0
3679,0,0.72661966,1
3680,0,0.5158333,0
3681,0,0.5352199,0
3682,0,0.52660143,0
3683,0,0.5004854,0
3684,0,0.500142,0
3685,0,0.50131035,0
3686,0,0.7295198,1
3687,0,0.63815904,1
3688,0,0.5195061,0
3689,0,0.53704137,0
3690,0,0.5506074,0
3691,0,0.50031114,0
3692,0,0.7210562,1
3693,0,0.50686985,0
3694,0,0.7296161,1
3695,0,0.57969785,0
3696,0,0.5004835,0
3697,0,0.5017595,0
3698,0,0.5924898,0
3699,0,0.5006108,0
3700,0,0.71143085,1
3701,0,0.5935504,0
3702,0,0.50018024,0
3703,0,0.5053404,0
3704,0,0.500731,0
3705,0,0.5020008,0
3706,0,0.72036827,1
3707,0,0.6602819,1
3708,0,0.50605744,0
3709,0,0.70992494,1
3710,0,0.7295198,1
3711,0,0.69884354,1
3712,0,0.6489114,1
3713,0,0.51936895,0
3714,1,0.7272981,1
3715,0,0.6515766,1
3716,0,0.55531466,0
3717,0,0.69904906,1
3718,0,0.50915426,0
3719,0,0.57624394,0
3720,0,0.5006733,0
3721,0,0.7241881,1
3722,0,0.54513437,0
3723,0,0.5010576,0
3724,0,0.52641886,0
3725,0,0.5013361,0
3726,0,0.69637144,1
3727,0,0.7159208,1
3728,0,0.50437915,0
3729,0,0.5208162,0
3730,0,0.7276853,1
3731,0,0.50875,0
3732,0,0.50948983,0
3733,0,0.5479479,0
3734,0,0.6567684,1
3735,0,0.6581979,1
3736,0,0.71273226,1
3737,0,0.6586371,1
3738,0,0.50181484,0
3739,0,0.5818378,0
3740,0,0.64946747,1
3741,0,0.50089836,0
3742,0,0.50681645,0
3743,0,0.50890255,0
3744,0,0.6321622,1
3745,1,0.7251623,1
3746,1,0.71492666,1
3747,0,0.5593803,0
3748,0,0.7296161,1
3749,0,0.50266266,0
3750,0,0.63624007,1
3751,0,0.5450436,0
3752,0,0.5127231,0
3753,0,0.50714827,0
3754,1,0.72154707,1
3755,0,0.50552726,0
3756,0,0.60556585,0
3757,1,0.7282654,1
3758,0,0.50381273,0
3759,0,0.5016346,0
3760,0,0.5177995,0
3761,0,0.69440633,1
3762,0,0.72233117,1
3763,0,0.52118176,0
3764,0,0.5302061,0
3765,0,0.5079492,0
3766,1,0.723993,1
3767,0,0.50039935,0
3768,0,0.7204666,1
3769,0,0.5229483,0
3770,0,0.56595856,0
3771,0,0.6466834,1
3772,0,0.51882046,0
3773,0,0.50056744,0
3774,0,0.72095805,1
3775,0,0.7181993,1
3776,0,0.51125145,0
3777,0,0.5013256,0
3778,0,0.71173155,1
3779,0,0.7279754,1
3780,0,0.70821255,1
3781,0,0.7237978,1
3782,0,0.6460137,1
3783,0,0.6043989,0
3784,0,0.5628975,0
3785,0,0.50781184,0
3786,0,0.6106276,0
3787,0,0.50088453,0
3788,0,0.5000723,0
3789,0,0.540742,0
3790,0,0.6490227,1
3791,0,0.5147205,0
3792,0,0.6578682,1
3793,0,0.7229184,1
3794,1,0.64735246,1
3795,0,0.7010995,1
3796,0,0.5052107,0
3797,0,0.724578,1
3798,0,0.502922,0
3799,0,0.5002003,0
3800,0,0.72845864,1
3801,0,0.503725,0
3802,0,0.5145299,0
3803,0,0.7237002,1
3804,0,0.6270382,1
3805,0,0.5252014,0
3806,0,0.6356749,1
3807,1,0.72894126,1
3808,0,0.5068317,0
3809,0,0.5205572,0
3810,0,0.5733799,0
3811,0,0.50134087,0
3812,0,0.56595856,0
3813,0,0.58670044,0
3814,0,0.728362,1
3815,0,0.5843898,0
3816,0,0.6900372,1
3817,0,0.5084602,0
3818,0,0.5028991,0
3819,0,0.5256884,0
3820,0,0.5010452,0
3821,1,0.64846635,1
3822,0,0.7181004,1
3823,1,0.71721,1
3824,0,0.5019016,0
3825,0,0.72623146,1
3826,0,0.5020866,0
3827,0,0.5071902,0
3828,0,0.51979554,0
3829,1,0.694199,1
3830,0,0.72193927,1
3831,1,0.661267,1
3832,0,0.7279754,1
3833,0,0.61462533,0
3834,0,0.5004027,0
3835,0,0.5021858,0
3836,1,0.7294234,1
3837,0,0.5794599,0
3838,0,0.5010748,0
3839,0,0.5289136,0
3840,0,0.5394988,0
3841,0,0.53376204,0
3842,0,0.7051763,1
3843,0,0.71977776,1
3844,0,0.55326396,0
3845,0,0.7180016,1
3846,0,0.5833814,0
3847,0,0.72661966,1
3848,0,0.5404691,0
3849,0,0.6271523,1
3850,0,0.5064503,0
3851,0,0.72787875,1
3852,0,0.5015545,0
3853,0,0.6052159,0
3854,0,0.70181525,1
3855,1,0.7200731,1
3856,1,0.7256486,1
3857,1,0.7298087,1
3858,0,0.7204666,1
3859,0,0.6949242,1
3860,0,0.5077852,0
3861,0,0.7240906,1
3862,0,0.50299066,0
3863,0,0.5167936,0
3864,0,0.6257812,1
3865,0,0.6992544,1
3866,0,0.504444,0
3867,0,0.5497917,0
3868,0,0.5005312,0
3869,1,0.72787875,1
3870,1,0.7291342,1
3871,0,0.52836615,0
3872,0,0.7189892,1
3873,0,0.7240906,1
3874,0,0.6239499,1
3875,0,0.6583077,1
3876,0,0.50156593,0
3877,0,0.50493985,0
3878,0,0.5053938,0
3879,0,0.5404691,0
3880,0,0.50299066,0
3881,0,0.5530527,0
3882,0,0.50062037,0
3883,0,0.5333063,0
3884,0,0.502552,0
3885,0,0.72894126,1
3886,0,0.501461,0
3887,0,0.6705004,1
3888,0,0.51706797,0
3889,0,0.7107287,1
3890,0,0.5074953,0
3891,0,0.5026226,0
3892,0,0.5017595,0
3893,0,0.52040493,0
3894,0,0.71213204,1
3895,0,0.50694996,0
3896,0,0.5019388,0
3897,0,0.5059125,0
3898,0,0.50063753,0
3899,0,0.50739616,0
3900,0,0.5001168,0
3901,0,0.5056455,0
3902,0,0.7282654,1
3903,0,0.5189576,0
3904,0,0.71790266,1
3905,0,0.7000752,1
3906,0,0.5681163,0
3907,0,0.5505167,0
3908,0,0.57969785,0
3909,0,0.695338,1
3910,0,0.52331376,0
3911,0,0.50222015,0
3912,0,0.50137234,0
3913,0,0.5285182,0
3914,0,0.52223265,0
3915,0,0.70992494,1
3916,0,0.5026836,0
3917,0,0.7191864,1
3918,0,0.67832696,1
3919,0,0.5037975,0
3920,0,0.6568784,1
3921,0,0.7052778,1
3922,0,0.6771539,1
3923,0,0.62440807,1
3924,0,0.5049475,0
3925,0,0.5239532,0
3926,0,0.6391732,1
3927,0,0.7232117,1
3928,1,0.72026986,1
3929,0,0.70679796,1
3930,0,0.71042746,1
3931,0,0.5201155,0
3932,0,0.72758853,1
3933,0,0.71173155,1
3934,0,0.7247729,1
3935,0,0.6509112,1
3936,0,0.56685793,0
3937,0,0.7287483,1
3938,0,0.5009017,0
3939,0,0.67661995,1
3940,0,0.50706816,0
3941,0,0.72389543,1
3942,0,0.5059239,0
3943,0,0.50099754,0
3944,0,0.50702626,0
3945,0,0.50017464,0
3946,0,0.51315004,0
3947,0,0.5380428,0
3948,0,0.50082445,0
3949,0,0.506702,0
3950,0,0.71183175,1
3951,0,0.5292026,0
3952,0,0.728362,1
3953,0,0.5428633,0
3954,0,0.53722346,0
3955,1,0.58249104,0
3956,0,0.5117471,0
3957,0,0.500262,0
3958,0,0.5011797,0
3959,0,0.52282655,0
3960,0,0.5257341,0
3961,0,0.63624007,1
3962,1,0.7213508,1
3963,0,0.50567985,0
3964,0,0.5237705,0
3965,0,0.5019607,0
3966,0,0.5039596,0
3967,0,0.70181525,1
3968,0,0.72574586,1
3969,0,0.7242856,1
3970,0,0.5017872,0
3971,0,0.60632366,0
3972,0,0.57320064,0
3973,0,0.5538673,0
3974,0,0.5301453,0
3975,0,0.5616056,0
3976,0,0.5455279,0
3977,0,0.5040054,0
3978,0,0.5128832,0
3979,1,0.5919591,0
3980,0,0.70140636,1
3981,0,0.512075,0
3982,0,0.5002725,0
3983,0,0.7166154,1
3984,1,0.6532375,1
3985,0,0.71253234,1
3986,0,0.6321622,1
3987,0,0.7247729,1
3988,0,0.6025294,0
3989,0,0.5010824,0
3990,0,0.6184924,0
3991,0,0.661595,1
3992,0,0.503292,0
3993,0,0.5120521,0
3994,0,0.7291342,1
3995,0,0.5001979,0
3996,0,0.56052333,0
3997,0,0.500628,0
3998,0,0.70811164,1
3999,0,0.50083447,0
4000,0,0.67082393,1
4001,0,0.52238494,0
4002,1,0.7243831,1
4003,0,0.5036678,0
4004,0,0.5582969,0
4005,1,0.70750576,1
4006,0,0.5046805,0
4007,0,0.5157266,0
4008,0,0.526921,0
4009,0,0.50122166,0
4010,0,0.52533835,0
4011,0,0.5568816,0
4012,0,0.5637383,0
4013,0,0.6063819,0
4014,0,0.50249285,0
4015,0,0.5414392,0
4016,0,0.50488263,0
4017,0,0.7201715,1
4018,1,0.7272012,1
4019,0,0.50181484,0
4020,0,0.6702846,1
4021,0,0.5008607,0
4022,0,0.59331477,0
4023,0,0.7237978,1
4024,0,0.5285182,0
4025,0,0.5195823,0
4026,0,0.5088873,0
4027,0,0.5204354,0
4028,0,0.51308143,0
4029,0,0.61230963,0
4030,0,0.7276853,1
4031,0,0.58154076,0
4032,0,0.5019169,0
4033,0,0.5009055,0
4034,0,0.5006733,0
4035,0,0.50712156,0
4036,0,0.5808871,0
4037,0,0.5021858,0
4038,0,0.7160201,1
4039,0,0.68637,1
4040,0,0.62772304,1
4041,0,0.68909645,1
4042,0,0.5098864,0
4043,0,0.702428,1
4044,0,0.51080155,0
4045,0,0.509139,0
4046,0,0.542227,0
4047,0,0.70079243,1
4048,0,0.50694996,0
4049,0,0.50525266,0
4050,0,0.50045776,0
4051,1,0.6974029,1
4052,0,0.5009489,0
4053,0,0.5067287,0
4054,0,0.52340513,0
4055,0,0.72787875,1
4056,0,0.50651515,0
4057,0,0.50477207,0
4058,0,0.5004561,0
4059,0,0.72787875,1
4060,0,0.7291342,1
4061,1,0.5810654,0
4062,0,0.51315004,0
4063,0,0.51661074,0
4064,0,0.5475246,0
4065,0,0.51630586,0
4066,0,0.7168137,1
4067,0,0.50075674,0
4068,0,0.5011797,0
4069,0,0.70831347,1
4070,0,0.50014484,0
4071,0,0.728362,1
4072,0,0.601535,0
4073,0,0.7187918,1
4074,1,0.6509112,1
4075,0,0.7100255,1
4076,0,0.50471866,0
4077,0,0.5036258,0
4078,0,0.5061757,0
4079,0,0.50025606,0
4080,0,0.50968814,0
4081,0,0.664758,1
4082,0,0.69461346,1
4083,0,0.6144518,0
4084,0,0.7268136,1
4085,0,0.50629395,0
4086,0,0.50025606,0
4087,0,0.5345518,0
4088,0,0.6000712,0
4089,1,0.7252596,1
4090,0,0.68794453,1
4091,0,0.524623,0
4092,0,0.5110456,0
4093,0,0.508689,0
4094,1,0.7244806,1
4095,0,0.6949242,1
4096,0,0.6738359,1
4097,0,0.50198364,0
4098,1,0.64779824,1
4099,0,0.6598436,1
4100,0,0.63352364,1
4101,0,0.6010668,0
4102,0,0.5191557,0
4103,0,0.69863796,1
4104,0,0.5025425,0
4105,1,0.71383077,1
4106,0,0.50187206,0
4107,0,0.5302517,0
4108,0,0.5039596,0
4109,0,0.7285552,1
4110,0,0.5061528,0
4111,0,0.5062482,0
4112,0,0.5015478,0
4113,0,0.5643386,0
4114,0,0.5035152,0
4115,0,0.500257,0
4116,0,0.7160201,1
4117,0,0.54601204,0
4118,0,0.50458515,0
4119,0,0.50271416,0
4120,0,0.51013047,0
4121,0,0.7296161,1
4122,0,0.5009413,0
4123,0,0.7294234,1
4124,0,0.70120186,1
4125,0,0.50049305,0
4126,0,0.5017128,0
4127,0,0.65577704,1
4128,0,0.5092763,0
4129,1,0.69035035,1
4130,0,0.70942193,1
4131,0,0.67415774,1
4132,0,0.695338,1
4133,0,0.5004873,0
4134,0,0.57624394,0
4135,0,0.7180016,1
4136,0,0.5901298,0
4137,0,0.5218367,0
4138,0,0.7288448,1
4139,0,0.5886527,0
4140,0,0.53974146,0
4141,0,0.70212173,1
4142,0,0.72758853,1
4143,0,0.72845864,1
4144,0,0.5004473,0
4145,0,0.7160201,1
4146,0,0.501524,0
4147,0,0.52880716,0
4148,0,0.5046194,0
4149,0,0.5157266,0
4150,0,0.72671664,1
4151,0,0.72903776,1
4152,0,0.5054662,0
4153,0,0.5097415,0
4154,0,0.50284386,0
4155,0,0.5359486,0
4156,0,0.5270274,0
4157,0,0.7156228,1
4158,0,0.63736945,1
4159,0,0.7070003,1
4160,1,0.72026986,1
4161,0,0.5235269,0
4162,0,0.7070003,1
4163,0,0.72574586,1
4164,0,0.5920181,0
4165,0,0.50099754,0
4166,1,0.7292306,1
4167,0,0.7061904,1
4168,0,0.7304822,1
4169,0,0.5641585,0
4170,0,0.50056505,0
4171,0,0.7060891,1
4172,0,0.54413533,0
4173,0,0.71967924,1
4174,0,0.5000695,0
4175,0,0.72700745,1
4176,0,0.5026741,0
4177,1,0.7279754,1
4178,0,0.7185944,1
4179,0,0.71492666,1
4180,0,0.5363736,0
4181,0,0.7277821,1
4182,0,0.5052107,0
4183,0,0.515437,0
4184,0,0.50992453,0
4185,0,0.5064503,0
4186,0,0.5097415,0
4187,0,0.5010824,0
4188,0,0.5014496,0
4189,0,0.6331834,1
4190,0,0.5814219,0
4191,1,0.5827285,0
4192,0,0.5006232,0
4193,0,0.5211513,0
4194,0,0.70089483,1
4195,0,0.71092945,1
4196,0,0.51276886,0
4197,0,0.5005069,0
4198,1,0.714628,1
4199,0,0.5211056,0
4200,0,0.501524,0
4201,0,0.50955844,0
4202,0,0.6997676,1
4203,0,0.501647,0
4204,0,0.6934729,1
4205,0,0.5007057,0
4206,0,0.5083687,0
4207,0,0.50117016,0
4208,0,0.500442,0
4209,0,0.6393984,1
4210,0,0.60077405,0
4211,0,0.545891,0
4212,0,0.50181484,0
4213,1,0.7233095,1
4214,0,0.5520568,0
4215,0,0.51436985,0
4216,0,0.50249285,0
4217,0,0.61068565,0
4218,0,0.71102977,1
4219,0,0.5108168,0
4220,0,0.6654106,1
4221,0,0.7251623,1
4222,0,0.72691053,1
4223,0,0.5060002,0
4224,0,0.50358385,0
4225,0,0.69097626,1
4226,0,0.5254601,0
4227,0,0.50137234,0
4228,0,0.5550735,0
4229,0,0.5010624,0
4230,0,0.7242856,1
4231,0,0.6703925,1
4232,0,0.61641645,0
4233,0,0.5012703,0
4234,0,0.5024452,0
4235,0,0.51667166,0
4236,0,0.57320064,0
4237,0,0.52145594,0
4238,0,0.51036686,0
4239,0,0.5009637,0
4240,0,0.58403397,0
4241,0,0.500371,0
4242,0,0.5083305,0
4243,0,0.5097949,0
4244,0,0.5123266,0
4245,0,0.5165802,0
4246,0,0.54985213,0
4247,0,0.51789093,0
4248,0,0.5510906,0
4249,0,0.6801355,1
4250,0,0.5026016,0
4251,0,0.7166154,1
4252,0,0.5107405,0
4253,0,0.50245476,0
4254,0,0.7198762,1
4255,0,0.50063753,0
4256,0,0.50143814,0
4257,0,0.5019913,0
4258,0,0.50299066,0
4259,0,0.5345214,0
4260,0,0.50808644,0
4261,0,0.53403544,0
4262,0,0.5150482,0
4263,0,0.65367985,1
4264,0,0.6900372,1
4265,0,0.50143814,0
4266,0,0.5077394,0
4267,0,0.5034217,0
4268,1,0.72865176,1
4269,0,0.724578,1
4270,0,0.5325163,0
4271,0,0.56313777,0
4272,0,0.7227227,1
4273,0,0.5051611,0
4274,0,0.6993571,1
4275,0,0.51449937,0
4276,0,0.502203,0
4277,0,0.7212526,1
4278,0,0.50314325,0
4279,0,0.527925,0
4280,0,0.51337117,0
4281,0,0.5005069,0
4282,0,0.5010176,0
4283,0,0.69357675,1
4284,1,0.72865176,1
4285,0,0.51586384,0
4286,0,0.5021038,0
4287,0,0.6660625,1
4288,0,0.63091236,1
4289,0,0.5129366,0
4290,1,0.72535694,1
4291,0,0.7280721,1
4292,0,0.7033458,1
4293,0,0.70720255,1
4294,0,0.5919591,0
4295,0,0.5526906,0
4296,0,0.53373164,0
4297,0,0.7033458,1
4298,0,0.70568365,1
4299,0,0.7237002,1
4300,0,0.5142631,0
4301,0,0.5001003,0
4302,0,0.6660625,1
4303,1,0.7244806,1
4304,0,0.6855286,1
4305,0,0.5051039,0
4306,0,0.5071902,0
4307,0,0.66039145,1
4308,0,0.5005169,0
4309,1,0.57642275,0
4310,0,0.5018654,0
4311,0,0.71243227,1
4312,0,0.50067616,0
4313,0,0.5004041,0
4314,1,0.70750576,1
4315,0,0.72574586,1
4316,0,0.5835594,0
4317,0,0.5022812,0
4318,0,0.5031318,0
4319,0,0.6074885,0
4320,0,0.58456767,0
4321,0,0.7078088,1
4322,0,0.67640615,1
4323,1,0.7264256,1
4324,0,0.53123975,0
4325,0,0.604574,0
4326,0,0.692642,1
4327,0,0.70942193,1
4328,0,0.713731,1
4329,0,0.504978,0
4330,0,0.5163364,0
4331,0,0.5014,0
4332,0,0.53282017,0
4333,0,0.67362124,1
4334,0,0.71582144,1
4335,0,0.58664125,0
4336,0,0.70871687,1
4337,1,0.5953161,0
4338,0,0.6296607,1
4339,0,0.5798763,0
4340,0,0.5009599,0
4341,0,0.6997676,1
4342,0,0.5120064,0
4343,0,0.70161086,1
4344,0,0.5003767,0
4345,0,0.57475287,0
4346,0,0.5121436,0
4347,1,0.72671664,1
4348,0,0.51099986,0
4349,0,0.5047911,0
4350,0,0.5033836,0
4351,0,0.52348125,0
4352,0,0.5022545,0
4353,0,0.6575384,1
4354,1,0.6581979,1
4355,0,0.50739616,0
4356,0,0.7246755,1
4357,0,0.567637,0
4358,0,0.5047644,0
4359,0,0.68563384,1
4360,0,0.5012455,0
4361,1,0.71977776,1
4362,0,0.68257374,1
4363,0,0.5258254,0
4364,0,0.5149339,0
4365,0,0.6645403,1
4366,0,0.7064943,1
4367,0,0.51209784,0
4368,0,0.50110435,0
4369,0,0.63725656,1
4370,0,0.7265227,1
4371,0,0.50086737,0
4372,0,0.5655387,0
4373,0,0.5059888,0
4374,0,0.7108291,1
4375,1,0.5163973,0
4376,0,0.69678426,1
4377,1,0.69699055,1
4378,0,0.5165497,0
4379,0,0.50698805,0
4380,0,0.50694996,0
4381,0,0.5245469,0
4382,0,0.5014553,0
4383,0,0.5006976,0
4384,0,0.7241881,1
4385,0,0.50095606,0
4386,0,0.6834195,1
4387,0,0.63815904,1
4388,0,0.5690745,0
4389,0,0.67779404,1
4390,0,0.50027466,0
4391,0,0.5008087,0
4392,0,0.50137234,0
4393,0,0.6434414,1
4394,1,0.70942193,1
4395,0,0.5932558,0
4396,0,0.5005269,0
4397,0,0.50100136,0
4398,0,0.55769473,0
4399,0,0.53199965,0
4400,0,0.5397111,0
4401,0,0.6940954,1
4402,0,0.68098474,1
4403,0,0.69637144,1
4404,0,0.5014725,0
4405,0,0.5002601,0
4406,0,0.5057675,0
4407,0,0.5165497,0
4408,0,0.5125782,0
4409,0,0.6916015,1
4410,0,0.5078576,0
4411,0,0.72758853,1
4412,0,0.5083687,0
4413,0,0.50679356,0
4414,0,0.7218412,1
4415,0,0.5005832,0
4416,0,0.5071635,0
4417,0,0.7280721,1
4418,0,0.5004761,0
4419,0,0.51725084,0
4420,0,0.57230455,0
4421,0,0.5101915,0
4422,0,0.50013447,0
4423,0,0.7287483,1
4424,0,0.57910293,0
4425,0,0.52696663,0
4426,0,0.72903776,1
4427,0,0.50056505,0
4428,0,0.5171899,0
4429,0,0.5014553,0
4430,0,0.503292,0
4431,0,0.6804541,1
4432,0,0.50067854,0
4433,0,0.52476,0
4434,0,0.54710114,0
4435,0,0.50211906,0
4436,0,0.51805854,0
4437,0,0.5176014,0
4438,0,0.5897754,0
4439,0,0.5221108,0
4440,0,0.5055616,0
4441,0,0.51071763,0
4442,0,0.51202923,0
4443,0,0.5009017,0
4444,0,0.5381945,0
4445,0,0.70801073,1
4446,0,0.512075,0
4447,0,0.6621414,1
4448,0,0.5285182,0
4449,0,0.7204666,1
4450,0,0.6292052,1
4451,0,0.64690644,1
4452,0,0.5040054,0
4453,0,0.68320817,1
4454,0,0.7098244,1
4455,0,0.63397694,1
4456,0,0.50410074,0
4457,0,0.5059888,0
4458,0,0.51996315,0
4459,0,0.5000281,0
4460,0,0.60556585,0
4461,0,0.5190947,0
4462,0,0.6118459,0
